     id_note_on power dur
0             5   210  12
1             8   210  16
2             9   210  13
3            12   210  13
4            13   210  16
5            16   210  12
6            21   210  13
7            20   210  16
8            24   210  13
9            25   210  16
10           28   210  12
11           32   210  16
12           33   210  13
13           36   210  13
14           37   210  16
15           40   210  12
16           45   210  13
17           44   210  16
18           49   210  13
19           50   210  16
20           48   210  21
21           52   210  24
22           56   210  21
23           57   210  12
24           61   210  21
25           65   210  16
26           64   210  17
27           66   210  13
28           69   210  13
29           70   210  16
30           72   210  21
31           77   210  20
32           76   210  24
33           84   210  13
34           85   210  13
35           83   210  16
36           82   210  17
37           91   210  13
38           92   210  13
39           90   210  24
40           97   210  14
41           96   210  21
42          101   210  18
43          107   210  13
44          105   210  15
45          106   210  17
46          104   210  21
47          111   210  13
48          112   210  16
49          114   210  21
50          119   210  15
51          118   210  21
52          123   210  13
53          124   210  16
54          129   210  16
55          128   210  21
56          130   210  13
57          134   210  18
58          135   210  14
59          140   210  21
60          141   210  13
61          142   210  13
62          147   210  13
63          146   210  21
64          148   210  18
65          150   210  24
66          155   210  15
67          154   210  13
68          161   210  13
69          160   210  21
70          162   210  16
71          167   210  16
72          166   210  24
73          168   210  13
74          170   210  21
75          175   210  15
76          174   210  18
77          180   210  18
78          182   210  13
79          181   210  13
80          184   210  21
81          189   210  13
82          190   210  18
83          188   210  24
84          192   210  21
85          196   210  24
86          197   210  16
87          201   210  13
88          202   210  13
89          207   210  13
90          206   210  21
91          208   210  13
92          210   210  24
93          214   210  21
94          215   210  12
95          219   210  21
96          224   210  13
97          222   210  17
98          223   210  16
99          227   210  13
100         228   210  16
101         230   210  21
102         234   210  24
103         235   210  16
104         242   210  13
105         240   210  17
106         241   210  13
107         247   210  13
108         248   210  13
109         246   210  24
110         252   210  21
111         253   210  17
112         257   210  18
113         260   210  18
114         261   210  13
115         262   210  16
116         268   210  18
117         267   210  16
118         266   210  21
119         270   210  21
120         275   210  15
121         274   210  13
122         279   210  16
123         280   210  13
124         283   210  13
125         284   210  16
126         286   210  13
127         290   210  18
128         291   210  14
129         298   210  13
130         296   210  21
131         297   210  13
132         300   210  21
133         302   210  24
134         307   210  15
135         306   210  13
136         313   210  13
137         312   210  21
138         314   210  16
139         316   210  24
140         318   210  21
141         322   210  18
142         323   210  15
143         326   210  21
144         327   210  18
145         332   210  18
146         333   210  17
147         334   210  13
148         336   210  21
149         340   210  24
150         341   210  13
151         343   210  21
152         346   210  21
153         347   210  12
154         352   210  13
155         351   210  16
156         355   210  13
157         356   210  16
158         360   210  12
159         365   210  13
160         364   210  16
161         369   210  13
162         370   210  16
163         368   210  21
164         372   210  18
165         376   210  21
166         377   210  17
167         378   210  12
168         384   210  17
169         385   210  10
170         387   210  13
171         386   210  16
172         389   210  10
173         394   210  17
174         396   210  13
175         397   210  16
176         395   210  10
177         399   210  10
178         404   210  17
179         406   210  10
180         405   210  10
181         407   210  20
182         414   210  17
183         417   210  13
184         416   210  16
185         415   210  24
186         420   210  10
187         425   210  13
188         426   210  13
189         424   210  17
190         428   210  18
191         432   210  21
192         434   210  14
193         440   210  21
194         443   210  13
195         442   210  17
196         441   210  10
197         445   210  10
198         450   210  21
199         453   210  18
200         452   210  16
201         451   210  10
202         455   210  10
203         460   210  21
204         462   210  15
205         461   210  10
206         468   210  21
207         470   210  16
208         469   210  13
209         472   210  18
210         477   210  16
211         476   210  21
212         478   210  13
213         480   210  24
214         485   210  14
215         484   210  21
216         490   210  21
217         491   210  13
218         492   210  13
219         496   210  21
220         497   210  13
221         498   210  18
222         500   210  21
223         504   210  18
224         505   210  15
225         512   210  16
226         511   210  13
227         510   210  21
228         517   210  16
229         516   210  21
230         518   210  13
231         520   210  21
232         524   210  24
233         525   210  15
234         530   210  24
235         531   210  13
236         532   210  13
237         534   210  21
238         539   210  13
239         538   210  24
240         540   210  18
241         542   210  21
242         547   210  16
243         546   210  24
244         552   210  13
245         551   210  13
246         557   210  13
247         556   210  21
248         558   210  13
249         560   210  18
250         565   210  12
251         564   210  21
252         568   210  21
253         569   210  17
254         574   210  17
255         575   210  10
256         576   210  13
257         577   210  16
258         579   210  10
259         584   210  17
260         586   210  13
261         585   210  10
262         587   210  21
263         589   210  10
264         594   210  17
265         597   210  20
266         596   210  10
267         595   210  10
268         604   210  17
269         605   210  13
270         606   210  13
271         608   210  10
272         612   210  17
273         614   210  21
274         613   210  13
275         616   210  18
276         620   210  21
277         622   210  14
278         621   210  21
279         628   210  21
280         630   210  17
281         629   210  10
282         631   210  13
283         633   210  10
284         640   210  13
285         638   210  21
286         639   210  10
287         641   210  16
288         643   210  10
289         649   210  21
290         648   210  10
291         650   210  15
292         654   210  18
293         660   210  16
294         658   210  21
295         659   210  13
296         662   210  24
297         667   210  16
298         666   210  21
299         668   210  13
300         670   210  21
301         674   210  18
302         675   210  14
303         680   210  18
304         681   210  17
305         682   210  13
306         684   210  21
307         689   210  13
308         690   210  13
309         688   210  21
310         692   210  24
311         696   210  13
312         697   210  15
313         704   210  16
314         703   210  13
315         702   210  21
316         709   210  16
317         710   210  13
318         708   210  24
319         712   210  21
320         717   210  15
321         716   210  24
322         721   210  17
323         722   210  13
324         724   210  24
325         728   210  24
326         730   210  16
327         729   210  13
328         731   210  13
329         734   210  21
330         738   210  21
331         739   210  12
332         743   210  16
333         744   210  13
334         747   210  13
335         748   210  16
336         752   210  12
337         757   210  13
338         756   210  16
339         760   210  13
340         761   210  16
341         764   210  12
342         768   210  16
343         769   210  13
344         773   210  13
345         774   210  16
346         772   210  21
347         776   210  24
348         781   210  12
349         782   210  12
350         780   210  21
351         786   210  21
352         792   210  13
353         790   210  17
354         791   210  16
355         795   210  13
356         796   210  16
357         798   210  21
358         804   210  20
359         803   210  23
360         802   210  24
361         811   210  16
362         812   210  13
363         810   210  17
364         817   210  13
365         816   210  24
366         818   210  13
367         824   210  14
368         822   210  21
369         823   210  11
370         828   210  18
371         832   210  21
372         833   210  17
373         834   210  13
374         837   210  13
375         838   210  16
376         840   210  21
377         846   210  15
378         844   210  21
379         845   210  18
380         851   210  16
381         852   210  13
382         857   210  13
383         856   210  21
384         858   210  16
385         860   210  21
386         864   210  18
387         865   210  10
388         866   210  14
389         873   210  14
390         874   210  17
391         872   210  21
392         879   210  17
393         878   210  21
394         880   210  13
395         882   210  24
396         886   210  13
397         887   210  18
398         888   210  15
399         895   210  16
400         896   210  13
401         894   210  21
402         901   210  13
403         900   210  24
404         902   210  16
405         904   210  21
406         909   210  10
407         908   210  18
408         910   210  15
409         913   210  21
410         914   210  18
411         920   210  18
412         922   210  17
413         921   210  14
414         924   210  21
415         929   210  17
416         928   210  24
417         930   210  13
418         932   210  21
419         937   210  15
420         936   210  24
421         938   210  13
422         944   210  13
423         943   210  16
424         949   210  13
425         950   210  13
426         948   210  21
427         952   210  24
428         958   210  12
429         956   210  21
430         957   210  12
431         962   210  21
432         966   210  10
433         969   210  16
434         968   210  15
435         967   210  17
436         972   210  16
437         973   210  13
438         977   210  21
439         976   210  21
440         985   210  16
441         982   210  24
442         983   210  21
443         984   210  13
444         994   210  13
445         992   210  10
446         993   210  17
447         995   210  13
448        1001   210  13
449        1000   210  24
450        1002   210  13
451        1008   210  17
452        1007   210  14
453        1006   210  21
454        1012   210  18
455        1017   210  18
456        1019   210  16
457        1016   210  10
458        1018   210  13
459        1026   210  16
460        1027   210  18
461        1024   210  10
462        1025   210  24
463        1030   210  10
464        1031   210  21
465        1036   210  17
466        1038   210  18
467        1039   210  15
468        1037   210  13
469        1046   210  13
470        1047   210  16
471        1050   210  13
472        1055   210  13
473        1056   210  14
474        1054   210  18
475        1064   210  17
476        1063   210  13
477        1062   210  21
478        1068   210  16
479        1067   210  21
480        1071   210  24
481        1072   210  13
482        1077   210  15
483        1076   210  13
484        1084   210  16
485        1083   210  13
486        1082   210  21
487        1086   210  24
488        1088   210  21
489        1094   210  15
490        1093   210  18
491        1092   210  13
492        1097   210  21
493        1098   210  18
494        1105   210  18
495        1104   210  13
496        1107   210  13
497        1106   210  17
498        1111   210  21
499        1110   210  13
500        1117   210  24
501        1116   210  13
502        1118   210  13
503        1120   210  21
504        1124   210  21
505        1126   210  12
506        1125   210  16
507        1130   210  16
508        1131   210  13
509        1134   210  13
510        1135   210  16
511        1140   210  12
512        1145   210  13
513        1144   210  16
514        1149   210  13
515        1148   210  21
516        1150   210  16
517        1152   210  18
518        1156   210  21
519        1157   210  17
520        1158   210  12
521        1164   210  17
522        1165   210  10
523        1166   210  16
524        1167   210  13
525        1169   210  10
526        1176   210  13
527        1174   210  17
528        1177   210  16
529        1175   210  10
530        1179   210  10
531        1184   210  17
532        1187   210  20
533        1185   210  10
534        1186   210  10
535        1194   210  17
536        1195   210  24
537        1196   210  16
538        1197   210  13
539        1200   210  10
540        1205   210  13
541        1204   210  17
542        1206   210  13
543        1208   210  18
544        1212   210  21
545        1214   210  14
546        1220   210  21
547        1222   210  17
548        1223   210  13
549        1221   210  10
550        1225   210  10
551        1230   210  21
552        1233   210  18
553        1231   210  10
554        1232   210  16
555        1235   210  10
556        1240   210  21
557        1241   210  10
558        1242   210  15
559        1248   210  21
560        1249   210  13
561        1250   210  16
562        1252   210  18
563        1257   210  16
564        1258   210  13
565        1256   210  21
566        1260   210  24
567        1264   210  21
568        1265   210  14
569        1270   210  21
570        1272   210  13
571        1271   210  13
572        1277   210  13
573        1276   210  21
574        1278   210  18
575        1280   210  21
576        1284   210  18
577        1285   210  15
578        1291   210  13
579        1292   210  16
580        1290   210  21
581        1296   210  21
582        1297   210  16
583        1298   210  13
584        1300   210  21
585        1305   210  15
586        1304   210  24
587        1310   210  24
588        1312   210  13
589        1311   210  13
590        1314   210  21
591        1319   210  13
592        1320   210  18
593        1318   210  24
594        1322   210  21
595        1326   210  24
596        1327   210  16
597        1331   210  13
598        1332   210  13
599        1338   210  13
600        1339   210  13
601        1336   210  21
602        1337   210  21
603        1343   210  24
604        1342   210  18
605        1348   210  21
606        1350   210  12
607        1349   210  12
608        1353   210  21
609        1354   210  17
610        1360   210  17
611        1362   210  12
612        1364   210  16
613        1363   210  15
614        1361   210  10
615        1366   210  10
616        1374   210  16
617        1372   210  17
618        1373   210  10
619        1375   210  13
620        1377   210  10
621        1384   210  17
622        1383   210  10
623        1382   210  10
624        1386   210  20
625        1385   210  23
626        1394   210  17
627        1396   210  16
628        1395   210  15
629        1398   210  10
630        1403   210  16
631        1404   210  13
632        1402   210  17
633        1406   210  18
634        1410   210  21
635        1411   210  21
636        1413   210  14
637        1412   210  11
638        1420   210  21
639        1423   210  13
640        1421   210  10
641        1422   210  17
642        1425   210  10
643        1432   210  13
644        1430   210  21
645        1431   210  10
646        1433   210  16
647        1435   210  10
648        1441   210  21
649        1442   210  18
650        1443   210  15
651        1440   210  10
652        1447   210  18
653        1454   210  16
654        1453   210  13
655        1452   210  21
656        1456   210  24
657        1461   210  16
658        1460   210  21
659        1462   210  13
660        1464   210  21
661        1469   210  10
662        1470   210  14
663        1468   210  18
664        1476   210  18
665        1477   210  17
666        1478   210  13
667        1480   210  21
668        1485   210  13
669        1486   210  13
670        1484   210  21
671        1488   210  24
672        1493   210  18
673        1492   210  13
674        1494   210  15
675        1502   210  13
676        1500   210  21
677        1501   210  16
678        1507   210  13
679        1508   210  16
680        1506   210  24
681        1510   210  21
682        1514   210  24
683        1516   210  15
684        1515   210  10
685        1521   210  17
686        1522   210  13
687        1524   210  24
688        1529   210  24
689        1530   210  15
690        1528   210  13
691        1531   210  16
692        1532   210  13
693        1534   210  21
694        1540   210  21
695        1543   210  12
696        1542   210  12
697        1541   210  16
698        1549   210  13
699        1548   210  16
700        1552   210  13
701        1553   210  16
702        1558   210  12
703        1562   210  16
704        1563   210  13
705        1567   210  13
706        1566   210  21
707        1568   210  16
708        1570   210  24
709        1575   210  12
710        1574   210  21
711        1579   210  21
712        1583   210  16
713        1582   210  17
714        1584   210  13
715        1587   210  13
716        1588   210  16
717        1590   210  21
718        1595   210  20
719        1594   210  24
720        1601   210  16
721        1602   210  13
722        1600   210  10
723        1605   210  13
724        1606   210  13
725        1608   210  10
726        1613   210  14
727        1612   210  10
728        1617   210  10
729        1621   210  17
730        1620   210  10
731        1623   210  16
732        1622   210  13
733        1625   210  17
734        1631   210  16
735        1632   210  18
736        1630   210  21
737        1634   210  18
738        1638   210  17
739        1639   210  15
740        1643   210  13
741        1644   210  16
742        1648   210  21
743        1647   210  13
744        1652   210  18
745        1653   210  14
746        1659   210  13
747        1660   210  13
748        1658   210  10
749        1662   210  17
750        1667   210  13
751        1668   210  18
752        1666   210  18
753        1670   210  18
754        1674   210  17
755        1675   210  15
756        1679   210  18
757        1684   210  16
758        1683   210  13
759        1682   210  21
760        1687   210  16
761        1688   210  13
762        1693   210  15
763        1692   210  13
764        1697   210  16
765        1702   210  13
766        1701   210  17
767        1700   210  13
768        1704   210  13
769        1708   210  18
770        1710   210  13
771        1709   210  13
772        1712   210  21
773        1717   210  16
774        1716   210  24
775        1722   210  13
776        1721   210  13
777        1725   210  13
778        1726   210  13
779        1730   210  12
780        1731   210  12
781        1734   210  10
782        1736   210  10
783        1740   210  10
784        1742   210  13
785        1741   210  16
786        1744   210  10
787        1746   210  10
788        1751   210  13
789        1752   210  16
790        1750   210  10
791        1754   210  10
792        1756   210  17
793        1760   210  18
794        1761   210  23
795        1762   210  20
796        1766   210  21
797        1768   210  24
798        1774   210  16
799        1772   210  21
800        1773   210  15
801        1776   210  21
802        1778   210  18
803        1783   210  16
804        1784   210  13
805        1782   210  13
806        1786   210  13
807        1788   210  16
808        1793   210  11
809        1794   210  14
810        1792   210  13
811        1798   210  13
812        1800   210  13
813        1804   210  13
814        1806   210  17
815        1805   210  15
816        1808   210  13
817        1810   210  16
818        1815   210  17
819        1816   210  13
820        1814   210  13
821        1818   210  13
822        1820   210  18
823        1824   210  21
824        1826   210  15
825        1825   210  18
826        1830   210  21
827        1832   210  24
828        1838   210  13
829        1837   210  16
830        1836   210  21
831        1840   210  18
832        1842   210  17
833        1847   210  13
834        1846   210  10
835        1848   210  16
836        1850   210  10
837        1852   210  10
838        1857   210  10
839        1856   210  18
840        1858   210  14
841        1864   210  13
842        1863   210  17
843        1870   210  13
844        1871   210  13
845        1869   210  18
846        1868   210  10
847        1877   210  21
848        1876   210  17
849        1879   210  15
850        1878   210  18
851        1885   210  13
852        1884   210  16
853        1892   210  13
854        1890   210  21
855        1891   210  13
856        1893   210  16
857        1901   210  15
858        1898   210  18
859        1899   210  18
860        1900   210  10
861        1906   210  17
862        1907   210  13
863        1910   210  21
864        1914   210  24
865        1916   210  13
866        1915   210  13
867        1918   210  21
868        1922   210  24
869        1923   210  13
870        1927   210  16
871        1928   210  13
872        1931   210  13
873        1932   210  13
874        1937   210  21
875        1939   210  12
876        1936   210  10
877        1938   210  12
878        1948   210  12
879        1947   210  21
880        1946   210  10
881        1950   210  16
882        1949   210  15
883        1957   210  21
884        1956   210  10
885        1958   210  16
886        1959   210  13
887        1965   210  21
888        1964   210  10
889        1967   210  20
890        1966   210  23
891        1974   210  10
892        1975   210  21
893        1977   210  16
894        1976   210  15
895        1981   210  18
896        1980   210  10
897        1988   210  16
898        1989   210  13
899        1986   210  10
900        1987   210  21
901        1993   210  24
902        1992   210  10
903        1999   210  21
904        1998   210  10
905        2000   210  11
906        2001   210  14
907        2006   210  24
908        2010   210  21
909        2012   210  13
910        2011   210  17
911        2014   210  18
912        2019   210  13
913        2020   210  16
914        2018   210  17
915        2022   210  10
916        2027   210  18
917        2026   210  17
918        2028   210  15
919        2032   210  10
920        2036   210  10
921        2038   210  16
922        2037   210  13
923        2040   210  10
924        2045   210  16
925        2046   210  13
926        2044   210  10
927        2048   210  10
928        2052   210  10
929        2053   210  10
930        2054   210  14
931        2058   210  17
932        2062   210  18
933        2063   210  17
934        2064   210  13
935        2066   210  17
936        2071   210  13
937        2070   210  10
938        2072   210  13
939        2074   210  10
940        2079   210  18
941        2078   210  10
942        2080   210  15
943        2084   210  10
944        2088   210  10
945        2089   210  16
946        2090   210  13
947        2092   210  17
948        2097   210  13
949        2098   210  16
950        2096   210  18
951        2100   210  21
952        2105   210  10
953        2104   210  24
954        2106   210  15
955        2112   210  18
956        2113   210  17
957        2114   210  13
958        2116   210  21
959        2122   210  13
960        2121   210  13
961        2120   210  21
962        2124   210  24
963        2130   210  13
964        2129   210  13
965        2128   210  21
966        2139   210  13
967        2137   210  18
968        2138   210  16
969        2136   210  21
970        2147   210  13
971        2146   210  16
972        2145   210  21
973        2144   210  24
974        2154   210  12
975        2153   210  17
976        2152   210  10
977        2155   210  12
978        2164   210  12
979        2163   210  17
980        2162   210  10
981        2166   210  16
982        2165   210  15
983        2173   210  17
984        2174   210  16
985        2172   210  10
986        2175   210  13
987        2180   210  10
988        2181   210  17
989        2182   210  23
990        2183   210  20
991        2190   210  10
992        2191   210  17
993        2193   210  16
994        2192   210  15
995        2197   210  10
996        2196   210  10
997        2204   210  16
998        2202   210  10
999        2205   210  13
1000       2203   210  17
1001       2208   210  10
1002       2209   210  18
1003       2215   210  21
1004       2217   210  14
1005       2216   210  11
1006       2214   210  10
1007       2224   210  10
1008       2226   210  13
1009       2225   210  17
1010       2228   210  10
1011       2233   210  13
1012       2234   210  16
1013       2232   210  10
1014       2236   210  17
1015       2242   210  15
1016       2241   210  18
1017       2240   210  21
1018       2246   210  18
1019       2252   210  16
1020       2251   210  13
1021       2250   210  17
1022       2254   210  10
1023       2259   210  16
1024       2258   210  17
1025       2260   210  13
1026       2262   210  21
1027       2267   210  10
1028       2268   210  14
1029       2266   210  21
1030       2275   210  17
1031       2276   210  13
1032       2274   210  17
1033       2278   210  18
1034       2283   210  13
1035       2282   210  21
1036       2284   210  13
1037       2286   210  24
1038       2290   210  21
1039       2292   210  15
1040       2291   210  18
1041       2296   210  21
1042       2301   210  15
1043       2300   210  21
1044       2302   210  16
1045       2304   210  13
1046       2309   210  16
1047       2310   210  13
1048       2308   210  13
1049       2312   210  16
1050       2316   210  13
1051       2318   210  15
1052       2317   210  10
1053       2322   210  16
1054       2327   210  15
1055       2328   210  14
1056       2326   210  13
1057       2330   210  17
1058       2332   210  13
1059       2334   210  13
1060       2338   210  13
1061       2339   210  13
1062       2344   210  16
1063       2343   210  15
1064       2346   210  18
1065       2348   210  21
1066       2353   210  14
1067       2352   210  21
1068       2357   210  18
1069       2360   210  21
1070       2361   210  13
1071       2362   210  16
1072       2364   210  21
1073       2368   210  21
1074       2369   210  15
1075       2374   210  17
1076       2375   210  13
1077       2376   210  16
1078       2378   210  21
1079       2383   210  21
1080       2382   210  13
1081       2384   210  15
1082       2388   210  21
1083       2393   210  17
1084       2392   210  18
1085       2394   210  13
1086       2396   210  21
1087       2398   210  21
1088       2403   210  15
1089       2402   210  13
1090       2408   210  16
1091       2407   210  13
1092       2410   210  18
1093       2412   210  21
1094       2416   210  21
1095       2417   210  14
1096       2421   210  18
1097       2424   210  21
1098       2425   210  13
1099       2426   210  16
1100       2428   210  21
1101       2433   210  15
1102       2432   210  21
1103       2440   210  16
1104       2438   210  17
1105       2439   210  13
1106       2442   210  21
1107       2446   210  21
1108       2447   210  15
1109       2451   210  21
1110       2455   210  13
1111       2454   210  18
1112       2457   210  13
1113       2456   210  17
1114       2460   210  21
1115       2462   210  21
1116       2466   210  24
1117       2467   210  15
1118       2471   210  13
1119       2472   210  16
1120       2474   210  21
1121       2476   210  24
1122       2480   210  21
1123       2481   210  14
1124       2485   210  21
1125       2488   210  10
1126       2491   210  16
1127       2489   210  17
1128       2490   210  13
1129       2494   210  13
1130       2495   210  18
1131       2499   210  21
1132       2498   210  10
1133       2506   210  15
1134       2504   210  10
1135       2505   210  24
1136       2514   210  13
1137       2513   210  17
1138       2515   210  16
1139       2512   210  10
1140       2518   210  10
1141       2519   210  24
1142       2525   210  21
1143       2524   210  10
1144       2526   210  15
1145       2534   210  13
1146       2533   210  17
1147       2532   210  18
1148       2540   210  13
1149       2539   210  21
1150       2538   210  17
1151       2541   210  13
1152       2544   210  10
1153       2545   210  21
1154       2550   210  10
1155       2552   210  15
1156       2551   210  24
1157       2557   210  16
1158       2556   210  13
1159       2562   210  14
1160       2565   210  18
1161       2570   210  13
1162       2568   210  10
1163       2569   210  13
1164       2572   210  17
1165       2577   210  13
1166       2578   210  18
1167       2576   210  18
1168       2580   210  21
1169       2585   210  15
1170       2584   210  17
1171       2589   210  13
1172       2590   210  16
1173       2592   210  13
1174       2596   210  18
1175       2599   210  17
1176       2597   210  13
1177       2600   210  13
1178       2598   210  15
1179       2605   210  21
1180       2607   210  21
1181       2609   210  24
1182       2611   210  21
1183       2613   210  18
1184       2619   210  16
1185       2620   210  13
1186       2618   210  17
1187       2625   210  12
1188       2628   210  16
1189       2629   210  13
1190       2632   210  13
1191       2633   210  16
1192       2636   210  12
1193       2640   210  16
1194       2641   210  13
1195       2644   210  13
1196       2645   210  16
1197       2648   210  12
1198       2653   210  13
1199       2652   210  16
1200       2656   210  13
1201       2657   210  16
1202       2660   210  12
1203       2665   210  13
1204       2664   210  16
1205       2669   210  13
1206       2668   210  21
1207       2670   210  16
1208       2672   210  24
1209       2678   210  12
1210       2677   210  12
1211       2676   210  21
1212       2682   210  21
1213       2688   210  13
1214       2687   210  16
1215       2686   210  17
1216       2691   210  13
1217       2692   210  16
1218       2694   210  21
1219       2698   210  24
1220       2700   210  20
1221       2699   210  23
1222       2708   210  13
1223       2706   210  17
1224       2707   210  16
1225       2713   210  13
1226       2712   210  24
1227       2714   210  13
1228       2718   210  21
1229       2719   210  11
1230       2720   210  14
1231       2724   210  18
1232       2730   210  17
1233       2728   210  21
1234       2729   210  15
1235       2733   210  17
1236       2734   210  13
1237       2736   210  21
1238       2742   210  15
1239       2740   210  21
1240       2741   210  18
1241       2748   210  13
1242       2747   210  16
1243       2753   210  13
1244       2754   210  16
1245       2752   210  21
1246       2756   210  21
1247       2762   210  14
1248       2761   210  10
1249       2760   210  18
1250       2769   210  14
1251       2770   210  17
1252       2768   210  21
1253       2775   210  17
1254       2776   210  13
1255       2774   210  21
1256       2778   210  24
1257       2782   210  13
1258       2784   210  15
1259       2783   210  18
1260       2791   210  16
1261       2790   210  21
1262       2792   210  13
1263       2797   210  13
1264       2796   210  24
1265       2798   210  16
1266       2800   210  21
1267       2806   210  15
1268       2805   210  10
1269       2804   210  18
1270       2809   210  21
1271       2810   210  18
1272       2816   210  18
1273       2817   210  17
1274       2818   210  13
1275       2820   210  21
1276       2825   210  13
1277       2824   210  24
1278       2826   210  13
1279       2828   210  21
1280       2833   210  15
1281       2832   210  24
1282       2834   210  13
1283       2840   210  13
1284       2839   210  16
1285       2845   210  13
1286       2846   210  13
1287       2844   210  21
1288       2848   210  24
1289       2854   210  12
1290       2852   210  21
1291       2853   210  12
1292       2858   210  21
1293       2865   210  16
1294       2864   210  15
1295       2862   210  10
1296       2863   210  17
1297       2868   210  16
1298       2869   210  13
1299       2872   210  21
1300       2873   210  21
1301       2881   210  16
1302       2880   210  13
1303       2879   210  21
1304       2878   210  24
1305       2890   210  13
1306       2891   210  13
1307       2889   210  17
1308       2888   210  10
1309       2897   210  13
1310       2898   210  13
1311       2896   210  24
1312       2903   210  14
1313       2902   210  21
1314       2904   210  17
1315       2908   210  18
1316       2913   210  18
1317       2915   210  16
1318       2912   210  10
1319       2914   210  13
1320       2923   210  18
1321       2922   210  16
1322       2921   210  24
1323       2920   210  10
1324       2926   210  10
1325       2927   210  21
1326       2933   210  13
1327       2932   210  17
1328       2934   210  18
1329       2935   210  15
1330       2941   210  16
1331       2940   210  13
1332       2944   210  13
1333       2949   210  13
1334       2950   210  14
1335       2948   210  18
1336       2958   210  17
1337       2957   210  13
1338       2956   210  21
1339       2962   210  16
1340       2961   210  21
1341       2966   210  13
1342       2965   210  24
1343       2970   210  13
1344       2971   210  15
1345       2976   210  21
1346       2978   210  16
1347       2977   210  13
1348       2980   210  24
1349       2982   210  21
1350       2988   210  15
1351       2986   210  13
1352       2987   210  18
1353       2991   210  21
1354       2992   210  18
1355       2999   210  18
1356       2998   210  13
1357       3001   210  13
1358       3000   210  17
1359       3005   210  21
1360       3004   210  13
1361       3012   210  13
1362       3011   210  24
1363       3010   210  13
1364       3014   210  21
1365       3018   210  21
1366       3020   210  12
1367       3019   210  16
1368       3024   210  16
1369       3025   210  13
1370       3028   210  13
1371       3029   210  16
1372       3034   210  12
1373       3038   210  16
1374       3039   210  13
1375       3043   210  13
1376       3044   210  16
1377       3042   210  21
1378       3046   210  18
1379       3052   210  12
1380       3050   210  21
1381       3051   210  17
1382       3058   210  17
1383       3061   210  13
1384       3059   210  10
1385       3060   210  16
1386       3063   210  10
1387       3070   210  13
1388       3068   210  17
1389       3069   210  10
1390       3071   210  16
1391       3073   210  10
1392       3078   210  17
1393       3079   210  10
1394       3081   210  20
1395       3080   210  10
1396       3088   210  17
1397       3089   210  24
1398       3090   210  16
1399       3091   210  13
1400       3094   210  10
1401       3099   210  13
1402       3098   210  17
1403       3100   210  13
1404       3102   210  18
1405       3106   210  21
1406       3108   210  14
1407       3114   210  21
1408       3116   210  17
1409       3115   210  10
1410       3117   210  13
1411       3119   210  10
1412       3124   210  21
1413       3127   210  18
1414       3126   210  16
1415       3125   210  10
1416       3129   210  10
1417       3134   210  21
1418       3135   210  10
1419       3136   210  15
1420       3142   210  21
1421       3143   210  13
1422       3144   210  16
1423       3146   210  18
1424       3151   210  16
1425       3152   210  13
1426       3150   210  21
1427       3154   210  24
1428       3158   210  21
1429       3159   210  14
1430       3164   210  21
1431       3166   210  13
1432       3165   210  13
1433       3171   210  13
1434       3170   210  21
1435       3172   210  18
1436       3174   210  21
1437       3178   210  18
1438       3179   210  15
1439       3186   210  16
1440       3184   210  21
1441       3185   210  13
1442       3191   210  16
1443       3190   210  21
1444       3192   210  13
1445       3194   210  21
1446       3199   210  15
1447       3198   210  24
1448       3204   210  24
1449       3206   210  13
1450       3205   210  13
1451       3208   210  21
1452       3213   210  13
1453       3212   210  24
1454       3214   210  18
1455       3216   210  21
1456       3220   210  24
1457       3221   210  16
1458       3225   210  13
1459       3226   210  13
1460       3232   210  13
1461       3233   210  13
1462       3231   210  21
1463       3230   210  21
1464       3236   210  18
1465       3237   210  24
1466       3242   210  21
1467       3244   210  12
1468       3243   210  12
1469       3247   210  21
1470       3248   210  17
1471       3254   210  17
1472       3256   210  12
1473       3255   210  10
1474       3258   210  16
1475       3257   210  15
1476       3260   210  10
1477       3268   210  16
1478       3266   210  17
1479       3269   210  13
1480       3267   210  10
1481       3271   210  10
1482       3278   210  17
1483       3276   210  10
1484       3279   210  23
1485       3277   210  10
1486       3280   210  20
1487       3288   210  17
1488       3290   210  16
1489       3289   210  15
1490       3292   210  10
1491       3297   210  16
1492       3296   210  17
1493       3298   210  13
1494       3300   210  18
1495       3307   210  14
1496       3305   210  21
1497       3306   210  11
1498       3304   210  21
1499       3314   210  21
1500       3316   210  17
1501       3315   210  10
1502       3317   210  13
1503       3319   210  10
1504       3326   210  13
1505       3324   210  21
1506       3327   210  16
1507       3325   210  10
1508       3329   210  10
1509       3335   210  21
1510       3336   210  18
1511       3337   210  15
1512       3334   210  10
1513       3341   210  18
1514       3346   210  21
1515       3347   210  13
1516       3348   210  16
1517       3350   210  24
1518       3355   210  16
1519       3356   210  13
1520       3354   210  21
1521       3358   210  21
1522       3363   210  14
1523       3362   210  18
1524       3368   210  21
1525       3370   210  13
1526       3369   210  13
1527       3372   210  21
1528       3374   210  24
1529       3378   210  13
1530       3379   210  15
1531       3385   210  16
1532       3383   210  21
1533       3384   210  13
1534       3388   210  21
1535       3392   210  18
1536       3393   210  14
1537       3400   210  13
1538       3399   210  13
1539       3398   210  21
1540       3402   210  21
1541       3404   210  24
1542       3409   210  15
1543       3408   210  13
1544       3413   210  13
1545       3414   210  16
1546       3416   210  10
1547       3417   210  21
1548       3420   210  10
1549       3421   210  21
1550       3429   210  14
1551       3427   210  18
1552       3428   210  10
1553       3426   210  10
1554       3439   210  14
1555       3438   210  12
1556       3440   210  17
1557       3436   210  10
1558       3437   210  21
1559       3444   210  10
1560       3443   210  21
1561       3447   210  24
1562       3448   210  10
1563       3457   210  15
1564       3454   210  17
1565       3456   210  18
1566       3455   210  13
1567       3465   210  21
1568       3464   210  10
1569       3466   210  16
1570       3467   210  13
1571       3468   210  16
1572       3471   210  24
1573       3472   210  10
1574       3476   210  10
1575       3475   210  21
1576       3482   210  10
1577       3485   210  15
1578       3483   210  18
1579       3484   210  10
1580       3491   210  18
1581       3492   210  10
1582       3493   210  17
1583       3494   210  13
1584       3497   210  21
1585       3498   210  10
1586       3505   210  15
1587       3504   210  10
1588       3503   210  24
1589       3506   210  13
1590       3510   210  10
1591       3509   210  21
1592       3515   210  21
1593       3516   210  10
1594       3517   210  12
1595       3521   210  13
1596       3520   210  16
1597       3524   210  13
1598       3525   210  16
1599       3530   210  12
1600       3534   210  16
1601       3535   210  13
1602       3538   210  13
1603       3539   210  16
1604       3542   210  12
1605       3546   210  16
1606       3547   210  13
1607       3550   210  13
1608       3551   210  16
1609       3554   210  16
1610       3555   210  13
1611       3558   210  13
1612       3559   210  21
1613       3560   210  21
1614       3561   210  21
1615       3564   210  18
1616       3568   210  21
1617       3572   210  21
1618       3571   210  10
1619       3573   210  17
1620       3576   210  10
1621       3575   210  17
1622       3580   210  10
1623       3579   210  17
1624       3586   210  17
1625       3587   210  13
1626       3590   210  10
1627       3591   210  21
1628       3592   210  24
1629       3595   210  17
1630       3596   210  10
1631       3599   210  10
1632       3600   210  10
1633       3604   210  10
1634       3603   210  17
1635       3607   210  18
1636       3608   210  10
1637       3615   210  18
1638       3614   210  21
1639       3618   210  10
1640       3619   210  21
1641       3620   210  21
1642       3623   210  21
1643       3624   210  10
1644       3628   210  10
1645       3627   210  21
1646       3635   210  16
1647       3634   210  21
1648       3638   210  10
1649       3639   210  13
1650       3640   210  21
1651       3644   210  10
1652       3643   210  21
1653       3647   210  18
1654       3648   210  10
1655       3651   210  21
1656       3652   210  10
1657       3655   210  24
1658       3656   210  10
1659       3662   210  13
1660       3665   210  18
1661       3666   210  21
1662       3667   210  10
1663       3672   210  16
1664       3673   210  15
1665       3676   210  16
1666       3677   210  13
1667       3678   210  13
1668       3679   210  21
1669       3683   210  13
1670       3685   210  13
1671       3687   210  16
1672       3689   210  13
1673       3691   210  16
1674       3695   210  14
1675       3697   210  12
1676       3699   210  13
1677       3701   210  10
1678       3704   210  13
1679       3705   210  15
1680       3708   210  16
1681       3709   210  13
1682       3714   210  16
1683       3718   210  13
1684       3715   210  13
1685       3717   210  12
1686       3716   210  15
1687       3725   210  13
1688       3724   210  16
1689       3729   210  16
1690       3728   210  13
1691       3733   210  13
1692       3732   210  21
1693       3737   210  21
1694       3736   210  21
1695       3741   210  21
1696       3740   210  17
1697       3746   210  13
1698       3749   210  13
1699       3750   210  21
1700       3751   210  10