     id_note_on power   dur
0             5    88  1200
1             8    78  1200
2             9    78  1200
3            12    78  1200
4            13    78  1200
5            16    88  1200
6            21    78  1200
7            20    78  1200
8            24    78  1200
9            25    78  1200
10           28    88  1200
11           32    78  1200
12           33    78  1200
13           36    78  1200
14           37    78  1200
15           40    88  1200
16           45    78  1200
17           44    78  1200
18           49    78  1200
19           50    78  1200
20           48    78  1200
21           52    78  1200
22           56    78  1200
23           57    88  1200
24           61    78  1200
25           65    78  1200
26           64    78  1200
27           66    78  1200
28           69    78  1200
29           70    78  1200
30           72    78  1200
31           77    94  1200
32           76    78  1200
33           84    87  1200
34           85    78  1200
35           83    78  1200
36           82    78  1200
37           91    78  1200
38           92    78  1200
39           90    78  1200
40           97    95  1200
41           96    78  1200
42          101    78  1200
43          107    78  1200
44          105    88  1200
45          106    78  1200
46          104    78  1200
47          111    78  1200
48          112    78  1200
49          114    78  1200
50          119    88  1200
51          118    78  1200
52          123    87  1200
53          124    78  1200
54          129    78  1200
55          128    78  1200
56          130    78  1200
57          134    78  1200
58          135    78  1200
59          140    78  1200
60          141    78  1200
61          142    78  1200
62          147    78  1200
63          146    78  1200
64          148    78  1200
65          150    78  1200
66          155    88  1200
67          154    78  1200
68          161    78  1200
69          160    78  1200
70          162    78  1200
71          167    78  1200
72          166    78  1200
73          168    78  1200
74          170    78  1200
75          175    87  1200
76          174    78  1200
77          180    78  1200
78          182    78  1200
79          181    78  1200
80          184    78  1200
81          189    78  1200
82          190    78  1200
83          188    78  1200
84          192    78  1200
85          196    78  1200
86          197    78  1200
87          201    87  1200
88          202    78  1200
89          207    78  1200
90          206    78  1200
91          208    78  1200
92          210    78  1200
93          214    78  1200
94          215    88  1200
95          219    78  1200
96          224    78  1200
97          222    78  1200
98          223    78  1200
99          227    78  1200
100         228    78  1200
101         230    78  1200
102         234    78  1200
103         235    78  1200
104         242    78  1200
105         240    78  1200
106         241    87  1200
107         247    78  1200
108         248    78  1200
109         246    78  1200
110         252    78  1200
111         253    78  1200
112         257    78  1200
113         260    78  1200
114         261    78  1200
115         262    78  1200
116         268    78  1200
117         267    78  1200
118         266    78  1200
119         270    78  1200
120         275    88  1200
121         274    78  1200
122         279    78  1200
123         280    87  1200
124         283    87  1200
125         284    78  1200
126         286    78  1200
127         290    78  1200
128         291    78  1200
129         298    78  1200
130         296    78  1200
131         297    78  1200
132         300    78  1200
133         302    78  1200
134         307    88  1200
135         306    78  1200
136         313    78  1200
137         312    78  1200
138         314    78  1200
139         316    78  1200
140         318    78  1200
141         322    78  1200
142         323    87  1200
143         326    78  1200
144         327    78  1200
145         332    78  1200
146         333    78  1200
147         334    78  1200
148         336    78  1200
149         340    78  1200
150         341    78  1200
151         343    78  1200
152         346    78  1200
153         347    88  1200
154         352    78  1200
155         351    78  1200
156         355    78  1200
157         356    78  1200
158         360    88  1200
159         365    78  1200
160         364    78  1200
161         369    78  1200
162         370    78  1200
163         368    78  1200
164         372    78  1200
165         376    78  1200
166         377    78  1200
167         378    88  1200
168         384    78  1200
169         385    78  1200
170         387    78  1200
171         386    78  1200
172         389    78  1200
173         394    78  1200
174         396    78  1200
175         397    78  1200
176         395    78  1200
177         399    78  1200
178         404    78  1200
179         406    78  1200
180         405    78  1200
181         407    94  1200
182         414    78  1200
183         417    87  1200
184         416    78  1200
185         415    78  1200
186         420    78  1200
187         425    87  1200
188         426    78  1200
189         424    78  1200
190         428    78  1200
191         432    78  1200
192         434    95  1200
193         440    78  1200
194         443    78  1200
195         442    78  1200
196         441    78  1200
197         445    78  1200
198         450    78  1200
199         453    78  1200
200         452    78  1200
201         451    78  1200
202         455    78  1200
203         460    78  1200
204         462    88  1200
205         461    78  1200
206         468    78  1200
207         470    78  1200
208         469    87  1200
209         472    78  1200
210         477    78  1200
211         476    78  1200
212         478    78  1200
213         480    78  1200
214         485    78  1200
215         484    78  1200
216         490    78  1200
217         491    78  1200
218         492    78  1200
219         496    78  1200
220         497    78  1200
221         498    78  1200
222         500    78  1200
223         504    78  1200
224         505    88  1200
225         512    78  1200
226         511    78  1200
227         510    78  1200
228         517    78  1200
229         516    78  1200
230         518    78  1200
231         520    78  1200
232         524    78  1200
233         525    87  1200
234         530    78  1200
235         531    78  1200
236         532    78  1200
237         534    78  1200
238         539    78  1200
239         538    78  1200
240         540    78  1200
241         542    78  1200
242         547    78  1200
243         546    78  1200
244         552    78  1200
245         551    87  1200
246         557    78  1200
247         556    78  1200
248         558    78  1200
249         560    78  1200
250         565    88  1200
251         564    78  1200
252         568    78  1200
253         569    78  1200
254         574    78  1200
255         575    78  1200
256         576    78  1200
257         577    78  1200
258         579    78  1200
259         584    78  1200
260         586    78  1200
261         585    78  1200
262         587    78  1200
263         589    78  1200
264         594    78  1200
265         597    94  1200
266         596    78  1200
267         595    78  1200
268         604    78  1200
269         605    87  1200
270         606    78  1200
271         608    78  1200
272         612    78  1200
273         614    78  1200
274         613    78  1200
275         616    78  1200
276         620    78  1200
277         622    95  1200
278         621    78  1200
279         628    78  1200
280         630    78  1200
281         629    78  1200
282         631    78  1200
283         633    78  1200
284         640    78  1200
285         638    78  1200
286         639    78  1200
287         641    78  1200
288         643    78  1200
289         649    78  1200
290         648    78  1200
291         650    88  1200
292         654    78  1200
293         660    78  1200
294         658    78  1200
295         659    87  1200
296         662    78  1200
297         667    78  1200
298         666    78  1200
299         668    78  1200
300         670    78  1200
301         674    78  1200
302         675    78  1200
303         680    78  1200
304         681    78  1200
305         682    78  1200
306         684    78  1200
307         689    78  1200
308         690    78  1200
309         688    78  1200
310         692    78  1200
311         696    78  1200
312         697    88  1200
313         704    78  1200
314         703    78  1200
315         702    78  1200
316         709    78  1200
317         710    78  1200
318         708    78  1200
319         712    78  1200
320         717    87  1200
321         716    78  1200
322         721    78  1200
323         722    78  1200
324         724    78  1200
325         728    78  1200
326         730    78  1200
327         729    78  1200
328         731    78  1200
329         734    78  1200
330         738    78  1200
331         739    88  1200
332         743    78  1200
333         744    78  1200
334         747    78  1200
335         748    78  1200
336         752    88  1200
337         757    78  1200
338         756    78  1200
339         760    78  1200
340         761    78  1200
341         764    88  1200
342         768    78  1200
343         769    78  1200
344         773    78  1200
345         774    78  1200
346         772    78  1200
347         776    78  1200
348         781    93  1200
349         782    88  1200
350         780    78  1200
351         786    78  1200
352         792    78  1200
353         790    78  1200
354         791    78  1200
355         795    78  1200
356         796    78  1200
357         798    78  1200
358         804    94  1200
359         803    94  1200
360         802    78  1200
361         811    78  1200
362         812    87  1200
363         810    78  1200
364         817    87  1200
365         816    78  1200
366         818    78  1200
367         824    95  1200
368         822    78  1200
369         823    78  1200
370         828    78  1200
371         832    78  1200
372         833    78  1200
373         834    78  1200
374         837    78  1200
375         838    78  1200
376         840    78  1200
377         846    88  1200
378         844    78  1200
379         845    87  1200
380         851    78  1200
381         852    87  1200
382         857    87  1200
383         856    78  1200
384         858    78  1200
385         860    78  1200
386         864    78  1200
387         865    91  1200
388         866    78  1200
389         873    78  1200
390         874    78  1200
391         872    78  1200
392         879    78  1200
393         878    78  1200
394         880    78  1200
395         882    78  1200
396         886    78  1200
397         887    87  1200
398         888    88  1200
399         895    78  1200
400         896    78  1200
401         894    78  1200
402         901    78  1200
403         900    78  1200
404         902    78  1200
405         904    78  1200
406         909    94  1200
407         908    78  1200
408         910    87  1200
409         913    78  1200
410         914    78  1200
411         920    78  1200
412         922    78  1200
413         921    78  1200
414         924    78  1200
415         929    78  1200
416         928    78  1200
417         930    78  1200
418         932    78  1200
419         937    81  1200
420         936    78  1200
421         938    78  1200
422         944    87  1200
423         943    78  1200
424         949    87  1200
425         950    78  1200
426         948    78  1200
427         952    78  1200
428         958    88  1200
429         956    78  1200
430         957    93  1200
431         962    78  1200
432         966    78  1200
433         969    78  1200
434         968    88  1200
435         967    78  1200
436         972    78  1200
437         973    78  1200
438         977    78  1200
439         976    78  1200
440         985    78  1200
441         982    78  1200
442         983    78  1200
443         984    78  1200
444         994    87  1200
445         992    78  1200
446         993    78  1200
447         995    78  1200
448        1001    78  1200
449        1000    78  1200
450        1002    78  1200
451        1008    78  1200
452        1007    95  1200
453        1006    78  1200
454        1012    78  1200
455        1017    78  1200
456        1019    78  1200
457        1016    78  1200
458        1018    78  1200
459        1026    78  1200
460        1027    78  1200
461        1024    78  1200
462        1025    78  1200
463        1030    78  1200
464        1031    78  1200
465        1036    78  1200
466        1038    87  1200
467        1039    88  1200
468        1037    78  1200
469        1046    87  1200
470        1047    78  1200
471        1050    78  1200
472        1055    78  1200
473        1056    78  1200
474        1054    78  1200
475        1064    78  1200
476        1063    78  1200
477        1062    78  1200
478        1068    78  1200
479        1067    78  1200
480        1071    78  1200
481        1072    78  1200
482        1077    88  1200
483        1076    78  1200
484        1084    78  1200
485        1083    78  1200
486        1082    78  1200
487        1086    78  1200
488        1088    78  1200
489        1094    87  1200
490        1093    78  1200
491        1092    78  1200
492        1097    78  1200
493        1098    78  1200
494        1105    78  1200
495        1104    78  1200
496        1107    78  1200
497        1106    78  1200
498        1111    78  1200
499        1110    78  1200
500        1117    78  1200
501        1116    78  1200
502        1118    78  1200
503        1120    78  1200
504        1124    78  1200
505        1126    88  1200
506        1125    78  1200
507        1130    78  1200
508        1131    78  1200
509        1134    78  1200
510        1135    78  1200
511        1140    88  1200
512        1145    78  1200
513        1144    78  1200
514        1149    78  1200
515        1148    78  1200
516        1150    78  1200
517        1152    78  1200
518        1156    78  1200
519        1157    78  1200
520        1158    88  1200
521        1164    78  1200
522        1165    78  1200
523        1166    78  1200
524        1167    78  1200
525        1169    78  1200
526        1176    78  1200
527        1174    78  1200
528        1177    78  1200
529        1175    78  1200
530        1179    78  1200
531        1184    78  1200
532        1187    94  1200
533        1185    78  1200
534        1186    78  1200
535        1194    78  1200
536        1195    78  1200
537        1196    78  1200
538        1197    87  1200
539        1200    78  1200
540        1205    87  1200
541        1204    78  1200
542        1206    78  1200
543        1208    78  1200
544        1212    78  1200
545        1214    95  1200
546        1220    78  1200
547        1222    78  1200
548        1223    78  1200
549        1221    78  1200
550        1225    78  1200
551        1230    78  1200
552        1233    78  1200
553        1231    78  1200
554        1232    78  1200
555        1235    78  1200
556        1240    78  1200
557        1241    78  1200
558        1242    88  1200
559        1248    78  1200
560        1249    87  1200
561        1250    78  1200
562        1252    78  1200
563        1257    78  1200
564        1258    78  1200
565        1256    78  1200
566        1260    78  1200
567        1264    78  1200
568        1265    78  1200
569        1270    78  1200
570        1272    78  1200
571        1271    78  1200
572        1277    78  1200
573        1276    78  1200
574        1278    78  1200
575        1280    78  1200
576        1284    78  1200
577        1285    88  1200
578        1291    78  1200
579        1292    78  1200
580        1290    78  1200
581        1296    78  1200
582        1297    78  1200
583        1298    78  1200
584        1300    78  1200
585        1305    87  1200
586        1304    78  1200
587        1310    78  1200
588        1312    78  1200
589        1311    78  1200
590        1314    78  1200
591        1319    78  1200
592        1320    78  1200
593        1318    78  1200
594        1322    78  1200
595        1326    78  1200
596        1327    78  1200
597        1331    87  1200
598        1332    78  1200
599        1338    78  1200
600        1339    78  1200
601        1336    78  1200
602        1337    78  1200
603        1343    78  1200
604        1342    78  1200
605        1348    78  1200
606        1350    88  1200
607        1349    93  1200
608        1353    78  1200
609        1354    78  1200
610        1360    78  1200
611        1362    88  1200
612        1364    78  1200
613        1363    88  1200
614        1361    78  1200
615        1366    78  1200
616        1374    78  1200
617        1372    78  1200
618        1373    78  1200
619        1375    78  1200
620        1377    78  1200
621        1384    78  1200
622        1383    78  1200
623        1382    78  1200
624        1386    94  1200
625        1385    94  1200
626        1394    78  1200
627        1396    78  1200
628        1395    87  1200
629        1398    78  1200
630        1403    78  1200
631        1404    87  1200
632        1402    78  1200
633        1406    78  1200
634        1410    78  1200
635        1411    78  1200
636        1413    95  1200
637        1412    78  1200
638        1420    78  1200
639        1423    78  1200
640        1421    78  1200
641        1422    78  1200
642        1425    78  1200
643        1432    78  1200
644        1430    78  1200
645        1431    78  1200
646        1433    78  1200
647        1435    78  1200
648        1441    78  1200
649        1442    87  1200
650        1443    88  1200
651        1440    78  1200
652        1447    78  1200
653        1454    78  1200
654        1453    87  1200
655        1452    78  1200
656        1456    78  1200
657        1461    78  1200
658        1460    78  1200
659        1462    78  1200
660        1464    78  1200
661        1469    91  1200
662        1470    78  1200
663        1468    78  1200
664        1476    78  1200
665        1477    78  1200
666        1478    78  1200
667        1480    78  1200
668        1485    78  1200
669        1486    78  1200
670        1484    78  1200
671        1488    78  1200
672        1493    87  1200
673        1492    78  1200
674        1494    88  1200
675        1502    78  1200
676        1500    78  1200
677        1501    78  1200
678        1507    78  1200
679        1508    78  1200
680        1506    78  1200
681        1510    78  1200
682        1514    78  1200
683        1516    87  1200
684        1515    94  1200
685        1521    78  1200
686        1522    78  1200
687        1524    78  1200
688        1529    78  1200
689        1530    87  1200
690        1528    78  1200
691        1531    78  1200
692        1532    78  1200
693        1534    78  1200
694        1540    78  1200
695        1543    88  1200
696        1542    93  1200
697        1541    78  1200
698        1549    78  1200
699        1548    78  1200
700        1552    78  1200
701        1553    78  1200
702        1558    93  1200
703        1562    78  1200
704        1563    78  1200
705        1567    78  1200
706        1566    78  1200
707        1568    78  1200
708        1570    78  1200
709        1575    88  1200
710        1574    78  1200
711        1579    78  1200
712        1583    78  1200
713        1582    78  1200
714        1584    78  1200
715        1587    78  1200
716        1588    78  1200
717        1590    78  1200
718        1595    94  1200
719        1594    78  1200
720        1601    78  1200
721        1602    87  1200
722        1600    78  1200
723        1605    78  1200
724        1606    78  1200
725        1608    78  1200
726        1613    95  1200
727        1612    78  1200
728        1617    78  1200
729        1621    78  1200
730        1620    78  1200
731        1623    78  1200
732        1622    78  1200
733        1625    78  1200
734        1631    78  1200
735        1632    78  1200
736        1630    78  1200
737        1634    78  1200
738        1638    78  1200
739        1639    88  1200
740        1643    87  1200
741        1644    78  1200
742        1648    78  1200
743        1647    78  1200
744        1652    78  1200
745        1653    78  1200
746        1659    78  1200
747        1660    78  1200
748        1658    78  1200
749        1662    78  1200
750        1667    78  1200
751        1668    78  1200
752        1666    78  1200
753        1670    78  1200
754        1674    78  1200
755        1675    88  1200
756        1679    78  1200
757        1684    78  1200
758        1683    78  1200
759        1682    78  1200
760        1687    78  1200
761        1688    78  1200
762        1693    87  1200
763        1692    78  1200
764        1697    78  1200
765        1702    78  1200
766        1701    78  1200
767        1700    78  1200
768        1704    78  1200
769        1708    78  1200
770        1710    78  1200
771        1709    78  1200
772        1712    78  1200
773        1717    78  1200
774        1716    78  1200
775        1722    78  1200
776        1721    87  1200
777        1725    78  1200
778        1726    78  1200
779        1730    93  1200
780        1731    88  1200
781        1734    78  1200
782        1736    78  1200
783        1740    78  1200
784        1742    78  1200
785        1741    78  1200
786        1744    78  1200
787        1746    78  1200
788        1751    78  1200
789        1752    78  1200
790        1750    78  1200
791        1754    78  1200
792        1756    78  1200
793        1760    78  1200
794        1761    94  1200
795        1762    94  1200
796        1766    78  1200
797        1768    78  1200
798        1774    78  1200
799        1772    78  1200
800        1773    87  1200
801        1776    78  1200
802        1778    78  1200
803        1783    78  1200
804        1784    87  1200
805        1782    78  1200
806        1786    78  1200
807        1788    78  1200
808        1793    78  1200
809        1794    95  1200
810        1792    78  1200
811        1798    78  1200
812        1800    87  1200
813        1804    78  1200
814        1806    78  1200
815        1805    88  1200
816        1808    78  1200
817        1810    78  1200
818        1815    78  1200
819        1816    78  1200
820        1814    78  1200
821        1818    78  1200
822        1820    78  1200
823        1824    78  1200
824        1826    88  1200
825        1825    87  1200
826        1830    78  1200
827        1832    78  1200
828        1838    87  1200
829        1837    78  1200
830        1836    78  1200
831        1840    78  1200
832        1842    78  1200
833        1847    87  1200
834        1846    78  1200
835        1848    78  1200
836        1850    78  1200
837        1852    78  1200
838        1857    91  1200
839        1856    78  1200
840        1858    78  1200
841        1864    78  1200
842        1863    78  1200
843        1870    78  1200
844        1871    78  1200
845        1869    78  1200
846        1868    78  1200
847        1877    78  1200
848        1876    78  1200
849        1879    88  1200
850        1878    87  1200
851        1885    78  1200
852        1884    78  1200
853        1892    78  1200
854        1890    78  1200
855        1891    78  1200
856        1893    78  1200
857        1901    87  1200
858        1898    78  1200
859        1899    78  1200
860        1900    94  1200
861        1906    78  1200
862        1907    78  1200
863        1910    78  1200
864        1914    78  1200
865        1916    78  1200
866        1915    78  1200
867        1918    78  1200
868        1922    78  1200
869        1923    78  1200
870        1927    78  1200
871        1928    87  1200
872        1931    87  1200
873        1932    78  1200
874        1937    78  1200
875        1939    88  1200
876        1936    78  1200
877        1938    93  1200
878        1948    88  1200
879        1947    78  1200
880        1946    78  1200
881        1950    78  1200
882        1949    88  1200
883        1957    78  1200
884        1956    78  1200
885        1958    78  1200
886        1959    78  1200
887        1965    78  1200
888        1964    78  1200
889        1967    94  1200
890        1966    94  1200
891        1974    78  1200
892        1975    78  1200
893        1977    78  1200
894        1976    87  1200
895        1981    78  1200
896        1980    78  1200
897        1988    78  1200
898        1989    87  1200
899        1986    78  1200
900        1987    78  1200
901        1993    78  1200
902        1992    78  1200
903        1999    78  1200
904        1998    78  1200
905        2000    78  1200
906        2001    95  1200
907        2006    78  1200
908        2010    78  1200
909        2012    78  1200
910        2011    78  1200
911        2014    78  1200
912        2019    78  1200
913        2020    78  1200
914        2018    78  1200
915        2022    78  1200
916        2027    87  1200
917        2026    78  1200
918        2028    88  1200
919        2032    78  1200
920        2036    78  1200
921        2038    78  1200
922        2037    87  1200
923        2040    78  1200
924        2045    78  1200
925        2046    78  1200
926        2044    78  1200
927        2048    78  1200
928        2052    78  1200
929        2053    91  1200
930        2054    78  1200
931        2058    78  1200
932        2062    78  1200
933        2063    78  1200
934        2064    78  1200
935        2066    78  1200
936        2071    78  1200
937        2070    78  1200
938        2072    78  1200
939        2074    78  1200
940        2079    87  1200
941        2078    78  1200
942        2080    88  1200
943        2084    78  1200
944        2088    78  1200
945        2089    78  1200
946        2090    78  1200
947        2092    78  1200
948        2097    78  1200
949        2098    78  1200
950        2096    78  1200
951        2100    78  1200
952        2105    94  1200
953        2104    78  1200
954        2106    87  1200
955        2112    78  1200
956        2113    78  1200
957        2114    78  1200
958        2116    78  1200
959        2122    78  1200
960        2121    78  1200
961        2120    78  1200
962        2124    78  1200
963        2130    78  1200
964        2129    78  1200
965        2128    78  1200
966        2139    87  1200
967        2137    78  1200
968        2138    78  1200
969        2136    78  1200
970        2147    87  1200
971        2146    78  1200
972        2145    78  1200
973        2144    78  1200
974        2154    93  1200
975        2153    78  1200
976        2152    78  1200
977        2155    88  1200
978        2164    88  1200
979        2163    78  1200
980        2162    78  1200
981        2166    78  1200
982        2165    88  1200
983        2173    78  1200
984        2174    78  1200
985        2172    78  1200
986        2175    78  1200
987        2180    78  1200
988        2181    78  1200
989        2182    94  1200
990        2183    94  1200
991        2190    78  1200
992        2191    78  1200
993        2193    78  1200
994        2192    87  1200
995        2197    78  1200
996        2196    78  1200
997        2204    78  1200
998        2202    78  1200
999        2205    87  1200
1000       2203    78  1200
1001       2208    78  1200
1002       2209    78  1200
1003       2215    78  1200
1004       2217    95  1200
1005       2216    78  1200
1006       2214    78  1200
1007       2224    78  1200
1008       2226    78  1200
1009       2225    78  1200
1010       2228    78  1200
1011       2233    78  1200
1012       2234    78  1200
1013       2232    78  1200
1014       2236    78  1200
1015       2242    88  1200
1016       2241    87  1200
1017       2240    78  1200
1018       2246    78  1200
1019       2252    78  1200
1020       2251    87  1200
1021       2250    78  1200
1022       2254    78  1200
1023       2259    78  1200
1024       2258    78  1200
1025       2260    78  1200
1026       2262    78  1200
1027       2267    91  1200
1028       2268    78  1200
1029       2266    78  1200
1030       2275    78  1200
1031       2276    78  1200
1032       2274    78  1200
1033       2278    78  1200
1034       2283    78  1200
1035       2282    78  1200
1036       2284    78  1200
1037       2286    78  1200
1038       2290    78  1200
1039       2292    88  1200
1040       2291    87  1200
1041       2296    78  1200
1042       2301    88  1200
1043       2300    78  1200
1044       2302    78  1200
1045       2304    78  1200
1046       2309    78  1200
1047       2310    78  1200
1048       2308    78  1200
1049       2312    78  1200
1050       2316    78  1200
1051       2318    87  1200
1052       2317    94  1200
1053       2322    78  1200
1054       2327    87  1200
1055       2328    78  1200
1056       2326    78  1200
1057       2330    78  1200
1058       2332    87  1200
1059       2334    78  1200
1060       2338    78  1200
1061       2339    78  1200
1062       2344    78  1200
1063       2343    87  1200
1064       2346    78  1200
1065       2348    78  1200
1066       2353    78  1200
1067       2352    78  1200
1068       2357    78  1200
1069       2360    78  1200
1070       2361    78  1200
1071       2362    78  1200
1072       2364    78  1200
1073       2368    78  1200
1074       2369    88  1200
1075       2374    78  1200
1076       2375    87  1200
1077       2376    78  1200
1078       2378    78  1200
1079       2383    78  1200
1080       2382    78  1200
1081       2384    87  1200
1082       2388    78  1200
1083       2393    78  1200
1084       2392    78  1200
1085       2394    78  1200
1086       2396    78  1200
1087       2398    78  1200
1088       2403    88  1200
1089       2402    78  1200
1090       2408    78  1200
1091       2407    87  1200
1092       2410    78  1200
1093       2412    78  1200
1094       2416    78  1200
1095       2417    78  1200
1096       2421    78  1200
1097       2424    78  1200
1098       2425    78  1200
1099       2426    78  1200
1100       2428    78  1200
1101       2433    88  1200
1102       2432    78  1200
1103       2440    78  1200
1104       2438    78  1200
1105       2439    87  1200
1106       2442    78  1200
1107       2446    78  1200
1108       2447    87  1200
1109       2451    78  1200
1110       2455    78  1200
1111       2454    78  1200
1112       2457    78  1200
1113       2456    78  1200
1114       2460    78  1200
1115       2462    78  1200
1116       2466    78  1200
1117       2467    88  1200
1118       2471    87  1200
1119       2472    78  1200
1120       2474    78  1200
1121       2476    78  1200
1122       2480    78  1200
1123       2481    78  1200
1124       2485    78  1200
1125       2488    78  1200
1126       2491    78  1200
1127       2489    78  1200
1128       2490    78  1200
1129       2494    78  1200
1130       2495    78  1200
1131       2499    78  1200
1132       2498    78  1200
1133       2506    88  1200
1134       2504    78  1200
1135       2505    78  1200
1136       2514    87  1200
1137       2513    78  1200
1138       2515    78  1200
1139       2512    78  1200
1140       2518    78  1200
1141       2519    78  1200
1142       2525    78  1200
1143       2524    78  1200
1144       2526    87  1200
1145       2534    78  1200
1146       2533    78  1200
1147       2532    78  1200
1148       2540    78  1200
1149       2539    78  1200
1150       2538    78  1200
1151       2541    78  1200
1152       2544    78  1200
1153       2545    78  1200
1154       2550    78  1200
1155       2552    88  1200
1156       2551    78  1200
1157       2557    78  1200
1158       2556    87  1200
1159       2562    78  1200
1160       2565    78  1200
1161       2570    78  1200
1162       2568    78  1200
1163       2569    78  1200
1164       2572    78  1200
1165       2577    78  1200
1166       2578    78  1200
1167       2576    78  1200
1168       2580    78  1200
1169       2585    88  1200
1170       2584    78  1200
1171       2589    87  1200
1172       2590    78  1200
1173       2592    78  1200
1174       2596    78  1200
1175       2599    78  1200
1176       2597    78  1200
1177       2600    78  1200
1178       2598    87  1200
1179       2605    78  1200
1180       2607    78  1200
1181       2609    78  1200
1182       2611    78  1200
1183       2613    78  1200
1184       2619    78  1200
1185       2620    87  1200
1186       2618    78  1200
1187       2625    88  1200
1188       2628    78  1200
1189       2629    78  1200
1190       2632    78  1200
1191       2633    78  1200
1192       2636    88  1200
1193       2640    78  1200
1194       2641    78  1200
1195       2644    78  1200
1196       2645    78  1200
1197       2648    88  1200
1198       2653    78  1200
1199       2652    78  1200
1200       2656    78  1200
1201       2657    78  1200
1202       2660    88  1200
1203       2665    78  1200
1204       2664    78  1200
1205       2669    78  1200
1206       2668    78  1200
1207       2670    78  1200
1208       2672    78  1200
1209       2678    88  1200
1210       2677    93  1200
1211       2676    78  1200
1212       2682    78  1200
1213       2688    78  1200
1214       2687    78  1200
1215       2686    78  1200
1216       2691    78  1200
1217       2692    78  1200
1218       2694    78  1200
1219       2698    78  1200
1220       2700    94  1200
1221       2699    94  1200
1222       2708    87  1200
1223       2706    78  1200
1224       2707    78  1200
1225       2713    87  1200
1226       2712    78  1200
1227       2714    78  1200
1228       2718    78  1200
1229       2719    78  1200
1230       2720    95  1200
1231       2724    78  1200
1232       2730    78  1200
1233       2728    78  1200
1234       2729    88  1200
1235       2733    78  1200
1236       2734    78  1200
1237       2736    78  1200
1238       2742    88  1200
1239       2740    78  1200
1240       2741    87  1200
1241       2748    87  1200
1242       2747    78  1200
1243       2753    87  1200
1244       2754    78  1200
1245       2752    78  1200
1246       2756    78  1200
1247       2762    78  1200
1248       2761    91  1200
1249       2760    78  1200
1250       2769    78  1200
1251       2770    78  1200
1252       2768    78  1200
1253       2775    78  1200
1254       2776    78  1200
1255       2774    78  1200
1256       2778    78  1200
1257       2782    78  1200
1258       2784    88  1200
1259       2783    87  1200
1260       2791    78  1200
1261       2790    78  1200
1262       2792    78  1200
1263       2797    78  1200
1264       2796    78  1200
1265       2798    78  1200
1266       2800    78  1200
1267       2806    87  1200
1268       2805    94  1200
1269       2804    78  1200
1270       2809    78  1200
1271       2810    78  1200
1272       2816    78  1200
1273       2817    78  1200
1274       2818    78  1200
1275       2820    78  1200
1276       2825    78  1200
1277       2824    78  1200
1278       2826    78  1200
1279       2828    78  1200
1280       2833    81  1200
1281       2832    78  1200
1282       2834    78  1200
1283       2840    87  1200
1284       2839    78  1200
1285       2845    87  1200
1286       2846    78  1200
1287       2844    78  1200
1288       2848    78  1200
1289       2854    88  1200
1290       2852    78  1200
1291       2853    93  1200
1292       2858    78  1200
1293       2865    78  1200
1294       2864    88  1200
1295       2862    78  1200
1296       2863    78  1200
1297       2868    78  1200
1298       2869    78  1200
1299       2872    78  1200
1300       2873    78  1200
1301       2881    78  1200
1302       2880    78  1200
1303       2879    78  1200
1304       2878    78  1200
1305       2890    87  1200
1306       2891    78  1200
1307       2889    78  1200
1308       2888    78  1200
1309       2897    78  1200
1310       2898    78  1200
1311       2896    78  1200
1312       2903    95  1200
1313       2902    78  1200
1314       2904    78  1200
1315       2908    78  1200
1316       2913    78  1200
1317       2915    78  1200
1318       2912    78  1200
1319       2914    78  1200
1320       2923    78  1200
1321       2922    78  1200
1322       2921    78  1200
1323       2920    78  1200
1324       2926    78  1200
1325       2927    78  1200
1326       2933    78  1200
1327       2932    78  1200
1328       2934    87  1200
1329       2935    88  1200
1330       2941    78  1200
1331       2940    87  1200
1332       2944    78  1200
1333       2949    78  1200
1334       2950    78  1200
1335       2948    78  1200
1336       2958    78  1200
1337       2957    78  1200
1338       2956    78  1200
1339       2962    78  1200
1340       2961    78  1200
1341       2966    78  1200
1342       2965    78  1200
1343       2970    78  1200
1344       2971    88  1200
1345       2976    78  1200
1346       2978    78  1200
1347       2977    78  1200
1348       2980    78  1200
1349       2982    78  1200
1350       2988    87  1200
1351       2986    78  1200
1352       2987    78  1200
1353       2991    78  1200
1354       2992    78  1200
1355       2999    78  1200
1356       2998    78  1200
1357       3001    78  1200
1358       3000    78  1200
1359       3005    78  1200
1360       3004    78  1200
1361       3012    78  1200
1362       3011    78  1200
1363       3010    78  1200
1364       3014    78  1200
1365       3018    78  1200
1366       3020    88  1200
1367       3019    78  1200
1368       3024    78  1200
1369       3025    78  1200
1370       3028    78  1200
1371       3029    78  1200
1372       3034    88  1200
1373       3038    78  1200
1374       3039    78  1200
1375       3043    78  1200
1376       3044    78  1200
1377       3042    78  1200
1378       3046    78  1200
1379       3052    88  1200
1380       3050    78  1200
1381       3051    78  1200
1382       3058    78  1200
1383       3061    78  1200
1384       3059    78  1200
1385       3060    78  1200
1386       3063    78  1200
1387       3070    78  1200
1388       3068    78  1200
1389       3069    78  1200
1390       3071    78  1200
1391       3073    78  1200
1392       3078    78  1200
1393       3079    78  1200
1394       3081    94  1200
1395       3080    78  1200
1396       3088    78  1200
1397       3089    78  1200
1398       3090    78  1200
1399       3091    87  1200
1400       3094    78  1200
1401       3099    87  1200
1402       3098    78  1200
1403       3100    78  1200
1404       3102    78  1200
1405       3106    78  1200
1406       3108    95  1200
1407       3114    78  1200
1408       3116    78  1200
1409       3115    78  1200
1410       3117    78  1200
1411       3119    78  1200
1412       3124    78  1200
1413       3127    78  1200
1414       3126    78  1200
1415       3125    78  1200
1416       3129    78  1200
1417       3134    78  1200
1418       3135    78  1200
1419       3136    88  1200
1420       3142    78  1200
1421       3143    87  1200
1422       3144    78  1200
1423       3146    78  1200
1424       3151    78  1200
1425       3152    78  1200
1426       3150    78  1200
1427       3154    78  1200
1428       3158    78  1200
1429       3159    78  1200
1430       3164    78  1200
1431       3166    78  1200
1432       3165    78  1200
1433       3171    78  1200
1434       3170    78  1200
1435       3172    78  1200
1436       3174    78  1200
1437       3178    78  1200
1438       3179    88  1200
1439       3186    78  1200
1440       3184    78  1200
1441       3185    78  1200
1442       3191    78  1200
1443       3190    78  1200
1444       3192    78  1200
1445       3194    78  1200
1446       3199    87  1200
1447       3198    78  1200
1448       3204    78  1200
1449       3206    78  1200
1450       3205    78  1200
1451       3208    78  1200
1452       3213    78  1200
1453       3212    78  1200
1454       3214    78  1200
1455       3216    78  1200
1456       3220    78  1200
1457       3221    78  1200
1458       3225    87  1200
1459       3226    78  1200
1460       3232    78  1200
1461       3233    78  1200
1462       3231    78  1200
1463       3230    78  1200
1464       3236    78  1200
1465       3237    78  1200
1466       3242    78  1200
1467       3244    88  1200
1468       3243    93  1200
1469       3247    78  1200
1470       3248    78  1200
1471       3254    78  1200
1472       3256    88  1200
1473       3255    78  1200
1474       3258    78  1200
1475       3257    88  1200
1476       3260    78  1200
1477       3268    78  1200
1478       3266    78  1200
1479       3269    78  1200
1480       3267    78  1200
1481       3271    78  1200
1482       3278    78  1200
1483       3276    78  1200
1484       3279    94  1200
1485       3277    78  1200
1486       3280    94  1200
1487       3288    78  1200
1488       3290    78  1200
1489       3289    87  1200
1490       3292    78  1200
1491       3297    78  1200
1492       3296    78  1200
1493       3298    87  1200
1494       3300    78  1200
1495       3307    95  1200
1496       3305    78  1200
1497       3306    78  1200
1498       3304    78  1200
1499       3314    78  1200
1500       3316    78  1200
1501       3315    78  1200
1502       3317    78  1200
1503       3319    78  1200
1504       3326    78  1200
1505       3324    78  1200
1506       3327    78  1200
1507       3325    78  1200
1508       3329    78  1200
1509       3335    78  1200
1510       3336    87  1200
1511       3337    88  1200
1512       3334    78  1200
1513       3341    78  1200
1514       3346    78  1200
1515       3347    87  1200
1516       3348    78  1200
1517       3350    78  1200
1518       3355    78  1200
1519       3356    78  1200
1520       3354    78  1200
1521       3358    78  1200
1522       3363    78  1200
1523       3362    78  1200
1524       3368    78  1200
1525       3370    78  1200
1526       3369    78  1200
1527       3372    78  1200
1528       3374    78  1200
1529       3378    78  1200
1530       3379    88  1200
1531       3385    78  1200
1532       3383    78  1200
1533       3384    78  1200
1534       3388    78  1200
1535       3392    78  1200
1536       3393    78  1200
1537       3400    78  1200
1538       3399    78  1200
1539       3398    78  1200
1540       3402    78  1200
1541       3404    78  1200
1542       3409    88  1200
1543       3408    78  1200
1544       3413    78  1200
1545       3414    78  1200
1546       3416    78  1200
1547       3417    78  1200
1548       3420    78  1200
1549       3421    78  1200
1550       3429    78  1200
1551       3427    78  1200
1552       3428    91  1200
1553       3426    78  1200
1554       3439    78  1200
1555       3438    88  1200
1556       3440    78  1200
1557       3436    78  1200
1558       3437    78  1200
1559       3444    78  1200
1560       3443    78  1200
1561       3447    78  1200
1562       3448    78  1200
1563       3457    88  1200
1564       3454    78  1200
1565       3456    87  1200
1566       3455    78  1200
1567       3465    78  1200
1568       3464    78  1200
1569       3466    78  1200
1570       3467    78  1200
1571       3468    78  1200
1572       3471    78  1200
1573       3472    78  1200
1574       3476    78  1200
1575       3475    78  1200
1576       3482    78  1200
1577       3485    87  1200
1578       3483    78  1200
1579       3484    94  1200
1580       3491    78  1200
1581       3492    78  1200
1582       3493    78  1200
1583       3494    78  1200
1584       3497    78  1200
1585       3498    78  1200
1586       3505    81  1200
1587       3504    78  1200
1588       3503    78  1200
1589       3506    78  1200
1590       3510    78  1200
1591       3509    78  1200
1592       3515    78  1200
1593       3516    78  1200
1594       3517    93  1200
1595       3521    78  1200
1596       3520    78  1200
1597       3524    78  1200
1598       3525    78  1200
1599       3530    88  1200
1600       3534    78  1200
1601       3535    78  1200
1602       3538    78  1200
1603       3539    78  1200
1604       3542    88  1200
1605       3546    78  1200
1606       3547    78  1200
1607       3550    78  1200
1608       3551    78  1200
1609       3554    78  1200
1610       3555    78  1200
1611       3558    78  1200
1612       3559    78  1200
1613       3560    78  1200
1614       3561    78  1200
1615       3564    78  1200
1616       3568    78  1200
1617       3572    78  1200
1618       3571    78  1200
1619       3573    78  1200
1620       3576    78  1200
1621       3575    78  1200
1622       3580    78  1200
1623       3579    78  1200
1624       3586    78  1200
1625       3587    78  1200
1626       3590    78  1200
1627       3591    78  1200
1628       3592    78  1200
1629       3595    78  1200
1630       3596    78  1200
1631       3599    78  1200
1632       3600    78  1200
1633       3604    78  1200
1634       3603    78  1200
1635       3607    78  1200
1636       3608    78  1200
1637       3615    78  1200
1638       3614    78  1200
1639       3618    78  1200
1640       3619    78  1200
1641       3620    78  1200
1642       3623    78  1200
1643       3624    78  1200
1644       3628    78  1200
1645       3627    78  1200
1646       3635    78  1200
1647       3634    78  1200
1648       3638    78  1200
1649       3639    78  1200
1650       3640    78  1200
1651       3644    78  1200
1652       3643    78  1200
1653       3647    78  1200
1654       3648    78  1200
1655       3651    78  1200
1656       3652    78  1200
1657       3655    78  1200
1658       3656    78  1200
1659       3662    78  1200
1660       3665    78  1200
1661       3666    78  1200
1662       3667    78  1200
1663       3672    78  1200
1664       3673    88  1200
1665       3676    78  1200
1666       3677    78  1200
1667       3678    78  1200
1668       3679    78  1200
1669       3683    78  1200
1670       3685    78  1200
1671       3687    78  1200
1672       3689    78  1200
1673       3691    78  1200
1674       3695    78  1200
1675       3697    88  1200
1676       3699    78  1200
1677       3701    91  1200
1678       3704    78  1200
1679       3705    87  1200
1680       3708    78  1200
1681       3709    87  1200
1682       3714    78  1200
1683       3718    78  1200
1684       3715    78  1200
1685       3717    93  1200
1686       3716    88  1200
1687       3725    78  1200
1688       3724    78  1200
1689       3729    78  1200
1690       3728    78  1200
1691       3733    78  1200
1692       3732    78  1200
1693       3737    78  1200
1694       3736    78  1200
1695       3741    78  1200
1696       3740    78  1200
1697       3746    78  1200
1698       3749    78  1200
1699       3750    78  1200
1700       3751    78  1200