     id_note_on power dur
0             5   126  65
1             8   124  65
2             9   123  65
3            12   123  65
4            13   128  65
5            16   123  65
6            21   123  65
7            20   124  65
8            24   123  65
9            25   128  65
10           28   123  65
11           32   124  65
12           33   123  65
13           36   123  65
14           37   128  65
15           40   123  65
16           45   123  65
17           44   124  65
18           49   123  65
19           50   128  65
20           48   138  65
21           52   138  65
22           56   145  65
23           57   123  65
24           61   138  65
25           65   124  65
26           64   150  65
27           66   123  65
28           69   123  65
29           70   128  65
30           72   145  65
31           77   121  65
32           76   138  65
33           84   124  65
34           85   123  65
35           83   124  65
36           82   150  65
37           91   123  65
38           92   128  65
39           90   138  65
40           97   122  65
41           96   138  65
42          101   137  65
43          107   123  65
44          105   123  65
45          106   125  65
46          104   145  65
47          111   123  65
48          112   128  65
49          114   138  65
50          119   123  65
51          118   137  65
52          123   124  65
53          124   128  65
54          129   128  65
55          128   137  65
56          130   128  65
57          134   137  65
58          135   123  65
59          140   137  65
60          141   123  65
61          142   126  65
62          147   126  65
63          146   138  65
64          148   127  65
65          150   138  65
66          155   123  65
67          154   138  65
68          161   123  65
69          160   138  65
70          162   128  65
71          167   128  65
72          166   138  65
73          168   128  65
74          170   145  65
75          175   121  65
76          174   144  65
77          180   144  65
78          182   126  65
79          181   123  65
80          184   145  65
81          189   126  65
82          190   127  65
83          188   138  65
84          192   138  65
85          196   138  65
86          197   124  65
87          201   124  65
88          202   123  65
89          207   123  65
90          206   138  65
91          208   128  65
92          210   138  65
93          214   145  65
94          215   123  65
95          219   138  65
96          224   123  65
97          222   150  65
98          223   124  65
99          227   123  65
100         228   128  65
101         230   145  65
102         234   138  65
103         235   124  65
104         242   123  65
105         240   150  65
106         241   124  65
107         247   123  65
108         248   128  65
109         246   138  65
110         252   138  65
111         253   125  65
112         257   137  65
113         260   137  65
114         261   123  65
115         262   128  65
116         268   127  65
117         267   128  65
118         266   137  65
119         270   138  65
120         275   123  65
121         274   138  65
122         279   124  65
123         280   124  65
124         283   124  65
125         284   128  65
126         286   138  65
127         290   137  65
128         291   123  65
129         298   126  65
130         296   137  65
131         297   123  65
132         300   138  65
133         302   138  65
134         307   123  65
135         306   138  65
136         313   123  65
137         312   138  65
138         314   128  65
139         316   138  65
140         318   145  65
141         322   137  65
142         323   121  65
143         326   138  65
144         327   144  65
145         332   144  65
146         333   125  65
147         334   123  65
148         336   145  65
149         340   138  65
150         341   120  65
151         343   138  65
152         346   138  65
153         347   123  65
154         352   123  65
155         351   124  65
156         355   123  65
157         356   128  65
158         360   123  65
159         365   123  65
160         364   124  65
161         369   123  65
162         370   128  65
163         368   145  65
164         372   144  65
165         376   145  65
166         377   150  65
167         378   123  65
168         384   150  65
169         385   150  65
170         387   123  65
171         386   124  65
172         389   150  65
173         394   150  65
174         396   123  65
175         397   128  65
176         395   150  65
177         399   150  65
178         404   150  65
179         406   150  65
180         405   150  65
181         407   121  65
182         414   150  65
183         417   124  65
184         416   124  65
185         415   138  65
186         420   150  65
187         425   124  65
188         426   123  65
189         424   150  65
190         428   144  65
191         432   145  65
192         434   122  65
193         440   145  65
194         443   123  65
195         442   125  65
196         441   150  65
197         445   150  65
198         450   145  65
199         453   127  65
200         452   128  65
201         451   150  65
202         455   150  65
203         460   145  65
204         462   123  65
205         461   150  65
206         468   145  65
207         470   128  65
208         469   124  65
209         472   144  65
210         477   128  65
211         476   145  65
212         478   128  65
213         480   138  65
214         485   123  65
215         484   138  65
216         490   138  65
217         491   123  65
218         492   126  65
219         496   138  65
220         497   126  65
221         498   127  65
222         500   137  65
223         504   137  65
224         505   123  65
225         512   128  65
226         511   123  65
227         510   137  65
228         517   128  65
229         516   137  65
230         518   128  65
231         520   138  65
232         524   138  65
233         525   121  65
234         530   138  65
235         531   123  65
236         532   126  65
237         534   145  65
238         539   126  65
239         538   138  65
240         540   127  65
241         542   145  65
242         547   124  65
243         546   138  65
244         552   123  65
245         551   124  65
246         557   123  65
247         556   145  65
248         558   128  65
249         560   144  65
250         565   123  65
251         564   138  65
252         568   145  65
253         569   150  65
254         574   150  65
255         575   150  65
256         576   123  65
257         577   128  65
258         579   150  65
259         584   150  65
260         586   128  65
261         585   150  65
262         587   130  65
263         589   150  65
264         594   150  65
265         597   121  65
266         596   150  65
267         595   150  65
268         604   150  65
269         605   124  65
270         606   123  65
271         608   150  65
272         612   150  65
273         614   127  65
274         613   128  65
275         616   144  65
276         620   138  65
277         622   122  65
278         621   145  65
279         628   145  65
280         630   125  65
281         629   150  65
282         631   123  65
283         633   150  65
284         640   123  65
285         638   145  65
286         639   150  65
287         641   128  65
288         643   150  65
289         649   145  65
290         648   150  65
291         650   123  65
292         654   144  65
293         660   128  65
294         658   145  65
295         659   124  65
296         662   138  65
297         667   128  65
298         666   138  65
299         668   128  65
300         670   137  65
301         674   137  65
302         675   123  65
303         680   137  65
304         681   125  65
305         682   123  65
306         684   137  65
307         689   123  65
308         690   126  65
309         688   138  65
310         692   138  65
311         696   138  65
312         697   123  65
313         704   128  65
314         703   123  65
315         702   138  65
316         709   128  65
317         710   128  65
318         708   138  65
319         712   145  65
320         717   121  65
321         716   138  65
322         721   125  65
323         722   123  65
324         724   138  65
325         728   138  65
326         730   124  65
327         729   135  65
328         731   123  65
329         734   138  65
330         738   138  65
331         739   123  65
332         743   124  65
333         744   123  65
334         747   123  65
335         748   128  65
336         752   123  65
337         757   123  65
338         756   124  65
339         760   123  65
340         761   128  65
341         764   123  65
342         768   124  65
343         769   123  65
344         773   123  65
345         774   128  65
346         772   138  65
347         776   138  65
348         781   126  65
349         782   123  65
350         780   145  65
351         786   138  65
352         792   123  65
353         790   150  65
354         791   124  65
355         795   123  65
356         796   128  65
357         798   145  65
358         804   121  65
359         803   120  65
360         802   138  65
361         811   124  65
362         812   124  65
363         810   150  65
364         817   124  65
365         816   138  65
366         818   123  65
367         824   122  65
368         822   138  65
369         823   122  65
370         828   137  65
371         832   145  65
372         833   125  65
373         834   123  65
374         837   123  65
375         838   128  65
376         840   138  65
377         846   123  65
378         844   137  65
379         845   121  65
380         851   124  65
381         852   124  65
382         857   124  65
383         856   138  65
384         858   128  65
385         860   137  65
386         864   137  65
387         865   126  65
388         866   123  65
389         873   123  65
390         874   125  65
391         872   137  65
392         879   125  65
393         878   138  65
394         880   123  65
395         882   138  65
396         886   138  65
397         887   121  65
398         888   123  65
399         895   124  65
400         896   123  65
401         894   138  65
402         901   123  65
403         900   138  65
404         902   128  65
405         904   145  65
406         909   122  65
407         908   137  65
408         910   121  65
409         913   138  65
410         914   144  65
411         920   144  65
412         922   125  65
413         921   123  65
414         924   145  65
415         929   125  65
416         928   138  65
417         930   123  65
418         932   138  65
419         937   126  65
420         936   138  65
421         938   120  65
422         944   124  65
423         943   124  65
424         949   124  65
425         950   123  65
426         948   138  65
427         952   138  65
428         958   123  65
429         956   145  65
430         957   126  65
431         962   138  65
432         966   150  65
433         969   124  65
434         968   123  65
435         967   150  65
436         972   124  65
437         973   123  65
438         977   138  65
439         976   145  65
440         985   124  65
441         982   138  65
442         983   137  65
443         984   120  65
444         994   124  65
445         992   150  65
446         993   150  65
447         995   123  65
448        1001   123  65
449        1000   138  65
450        1002   128  65
451        1008   125  65
452        1007   122  65
453        1006   138  65
454        1012   137  65
455        1017   137  65
456        1019   128  65
457        1016   150  65
458        1018   123  65
459        1026   128  65
460        1027   127  65
461        1024   150  65
462        1025   138  65
463        1030   150  65
464        1031   145  65
465        1036   150  65
466        1038   121  65
467        1039   123  65
468        1037   138  65
469        1046   124  65
470        1047   128  65
471        1050   138  65
472        1055   123  65
473        1056   123  65
474        1054   137  65
475        1064   125  65
476        1063   123  65
477        1062   137  65
478        1068   128  65
479        1067   138  65
480        1071   138  65
481        1072   126  65
482        1077   123  65
483        1076   138  65
484        1084   128  65
485        1083   123  65
486        1082   138  65
487        1086   138  65
488        1088   145  65
489        1094   121  65
490        1093   137  65
491        1092   135  65
492        1097   138  65
493        1098   144  65
494        1105   144  65
495        1104   135  65
496        1107   123  65
497        1106   125  65
498        1111   145  65
499        1110   138  65
500        1117   138  65
501        1116   135  65
502        1118   120  65
503        1120   138  65
504        1124   138  65
505        1126   123  65
506        1125   137  65
507        1130   124  65
508        1131   123  65
509        1134   123  65
510        1135   128  65
511        1140   123  65
512        1145   123  65
513        1144   124  65
514        1149   123  65
515        1148   145  65
516        1150   128  65
517        1152   144  65
518        1156   145  65
519        1157   150  65
520        1158   123  65
521        1164   150  65
522        1165   150  65
523        1166   124  65
524        1167   123  65
525        1169   150  65
526        1176   123  65
527        1174   150  65
528        1177   128  65
529        1175   150  65
530        1179   150  65
531        1184   150  65
532        1187   121  65
533        1185   150  65
534        1186   150  65
535        1194   150  65
536        1195   138  65
537        1196   124  65
538        1197   124  65
539        1200   150  65
540        1205   124  65
541        1204   150  65
542        1206   123  65
543        1208   144  65
544        1212   145  65
545        1214   122  65
546        1220   145  65
547        1222   125  65
548        1223   123  65
549        1221   150  65
550        1225   150  65
551        1230   145  65
552        1233   127  65
553        1231   150  65
554        1232   128  65
555        1235   150  65
556        1240   145  65
557        1241   150  65
558        1242   123  65
559        1248   145  65
560        1249   124  65
561        1250   128  65
562        1252   144  65
563        1257   128  65
564        1258   128  65
565        1256   145  65
566        1260   138  65
567        1264   138  65
568        1265   123  65
569        1270   138  65
570        1272   126  65
571        1271   123  65
572        1277   126  65
573        1276   138  65
574        1278   127  65
575        1280   137  65
576        1284   137  65
577        1285   123  65
578        1291   123  65
579        1292   128  65
580        1290   137  65
581        1296   137  65
582        1297   128  65
583        1298   128  65
584        1300   138  65
585        1305   121  65
586        1304   138  65
587        1310   138  65
588        1312   126  65
589        1311   123  65
590        1314   145  65
591        1319   126  65
592        1320   127  65
593        1318   138  65
594        1322   145  65
595        1326   138  65
596        1327   124  65
597        1331   124  65
598        1332   123  65
599        1338   123  65
600        1339   128  65
601        1336   145  65
602        1337   138  65
603        1343   138  65
604        1342   144  65
605        1348   138  65
606        1350   123  65
607        1349   126  65
608        1353   145  65
609        1354   150  65
610        1360   150  65
611        1362   123  65
612        1364   124  65
613        1363   123  65
614        1361   150  65
615        1366   150  65
616        1374   124  65
617        1372   150  65
618        1373   150  65
619        1375   123  65
620        1377   150  65
621        1384   150  65
622        1383   150  65
623        1382   150  65
624        1386   121  65
625        1385   120  65
626        1394   150  65
627        1396   124  65
628        1395   121  65
629        1398   150  65
630        1403   124  65
631        1404   124  65
632        1402   150  65
633        1406   144  65
634        1410   138  65
635        1411   145  65
636        1413   122  65
637        1412   122  65
638        1420   145  65
639        1423   123  65
640        1421   150  65
641        1422   125  65
642        1425   150  65
643        1432   123  65
644        1430   145  65
645        1431   150  65
646        1433   128  65
647        1435   150  65
648        1441   145  65
649        1442   121  65
650        1443   123  65
651        1440   150  65
652        1447   144  65
653        1454   128  65
654        1453   124  65
655        1452   145  65
656        1456   138  65
657        1461   128  65
658        1460   138  65
659        1462   128  65
660        1464   137  65
661        1469   126  65
662        1470   123  65
663        1468   137  65
664        1476   137  65
665        1477   125  65
666        1478   123  65
667        1480   137  65
668        1485   123  65
669        1486   126  65
670        1484   138  65
671        1488   138  65
672        1493   121  65
673        1492   138  65
674        1494   123  65
675        1502   123  65
676        1500   138  65
677        1501   124  65
678        1507   123  65
679        1508   128  65
680        1506   138  65
681        1510   145  65
682        1514   138  65
683        1516   121  65
684        1515   122  65
685        1521   125  65
686        1522   123  65
687        1524   138  65
688        1529   138  65
689        1530   121  65
690        1528   133  65
691        1531   124  65
692        1532   135  65
693        1534   138  65
694        1540   138  65
695        1543   123  65
696        1542   130  65
697        1541   137  65
698        1549   123  65
699        1548   124  65
700        1552   123  65
701        1553   128  65
702        1558   130  65
703        1562   124  65
704        1563   123  65
705        1567   123  65
706        1566   138  65
707        1568   128  65
708        1570   138  65
709        1575   123  65
710        1574   145  65
711        1579   138  65
712        1583   124  65
713        1582   150  65
714        1584   123  65
715        1587   123  65
716        1588   128  65
717        1590   145  65
718        1595   121  65
719        1594   138  65
720        1601   124  65
721        1602   124  65
722        1600   150  65
723        1605   123  65
724        1606   128  65
725        1608   150  65
726        1613   122  65
727        1612   150  65
728        1617   150  65
729        1621   125  65
730        1620   150  65
731        1623   128  65
732        1622   123  65
733        1625   150  65
734        1631   128  65
735        1632   127  65
736        1630   145  65
737        1634   144  65
738        1638   150  65
739        1639   123  65
740        1643   124  65
741        1644   128  65
742        1648   127  65
743        1647   128  65
744        1652   137  65
745        1653   123  65
746        1659   123  65
747        1660   126  65
748        1658   150  65
749        1662   150  65
750        1667   126  65
751        1668   127  65
752        1666   144  65
753        1670   137  65
754        1674   150  65
755        1675   123  65
756        1679   144  65
757        1684   128  65
758        1683   123  65
759        1682   145  65
760        1687   128  65
761        1688   128  65
762        1693   121  65
763        1692   135  65
764        1697   137  65
765        1702   123  65
766        1701   125  65
767        1700   135  65
768        1704   138  65
769        1708   137  65
770        1710   126  65
771        1709   123  65
772        1712   145  65
773        1717   124  65
774        1716   138  65
775        1722   123  65
776        1721   124  65
777        1725   123  65
778        1726   128  65
779        1730   126  65
780        1731   123  65
781        1734   150  65
782        1736   150  65
783        1740   150  65
784        1742   123  65
785        1741   124  65
786        1744   150  65
787        1746   150  65
788        1751   123  65
789        1752   128  65
790        1750   150  65
791        1754   150  65
792        1756   150  65
793        1760   144  65
794        1761   120  65
795        1762   121  65
796        1766   145  65
797        1768   138  65
798        1774   124  65
799        1772   138  65
800        1773   121  65
801        1776   137  65
802        1778   137  65
803        1783   124  65
804        1784   124  65
805        1782   138  65
806        1786   135  65
807        1788   137  65
808        1793   122  65
809        1794   122  65
810        1792   133  65
811        1798   133  65
812        1800   134  65
813        1804   133  65
814        1806   125  65
815        1805   123  65
816        1808   133  65
817        1810   137  65
818        1815   125  65
819        1816   123  65
820        1814   135  65
821        1818   138  65
822        1820   137  65
823        1824   137  65
824        1826   123  65
825        1825   121  65
826        1830   138  65
827        1832   138  65
828        1838   124  65
829        1837   124  65
830        1836   145  65
831        1840   144  65
832        1842   150  65
833        1847   124  65
834        1846   150  65
835        1848   128  65
836        1850   150  65
837        1852   150  65
838        1857   126  65
839        1856   137  65
840        1858   123  65
841        1864   123  65
842        1863   125  65
843        1870   123  65
844        1871   126  65
845        1869   144  65
846        1868   150  65
847        1877   145  65
848        1876   150  65
849        1879   123  65
850        1878   121  65
851        1885   123  65
852        1884   124  65
853        1892   123  65
854        1890   145  65
855        1891   138  65
856        1893   128  65
857        1901   121  65
858        1898   144  65
859        1899   137  65
860        1900   122  65
861        1906   125  65
862        1907   123  65
863        1910   145  65
864        1914   138  65
865        1916   126  65
866        1915   123  65
867        1918   138  65
868        1922   138  65
869        1923   120  65
870        1927   124  65
871        1928   124  65
872        1931   124  65
873        1932   123  65
874        1937   145  65
875        1939   123  65
876        1936   150  65
877        1938   126  65
878        1948   123  65
879        1947   145  65
880        1946   150  65
881        1950   124  65
882        1949   123  65
883        1957   145  65
884        1956   150  65
885        1958   124  65
886        1959   123  65
887        1965   145  65
888        1964   150  65
889        1967   121  65
890        1966   120  65
891        1974   150  65
892        1975   145  65
893        1977   124  65
894        1976   121  65
895        1981   144  65
896        1980   150  65
897        1988   124  65
898        1989   124  65
899        1986   150  65
900        1987   145  65
901        1993   138  65
902        1992   150  65
903        1999   145  65
904        1998   150  65
905        2000   122  65
906        2001   122  65
907        2006   138  65
908        2010   145  65
909        2012   123  65
910        2011   125  65
911        2014   144  65
912        2019   123  65
913        2020   128  65
914        2018   150  65
915        2022   150  65
916        2027   121  65
917        2026   150  65
918        2028   123  65
919        2032   150  65
920        2036   150  65
921        2038   128  65
922        2037   124  65
923        2040   150  65
924        2045   128  65
925        2046   128  65
926        2044   150  65
927        2048   150  65
928        2052   150  65
929        2053   126  65
930        2054   123  65
931        2058   150  65
932        2062   144  65
933        2063   125  65
934        2064   123  65
935        2066   150  65
936        2071   123  65
937        2070   150  65
938        2072   126  65
939        2074   150  65
940        2079   121  65
941        2078   150  65
942        2080   123  65
943        2084   150  65
944        2088   150  65
945        2089   124  65
946        2090   123  65
947        2092   150  65
948        2097   123  65
949        2098   128  65
950        2096   144  65
951        2100   145  65
952        2105   122  65
953        2104   138  65
954        2106   121  65
955        2112   137  65
956        2113   125  65
957        2114   123  65
958        2116   137  65
959        2122   126  65
960        2121   123  65
961        2120   138  65
962        2124   138  65
963        2130   120  65
964        2129   138  65
965        2128   137  65
966        2139   124  65
967        2137   137  65
968        2138   124  65
969        2136   138  65
970        2147   124  65
971        2146   124  65
972        2145   137  65
973        2144   138  65
974        2154   126  65
975        2153   150  65
976        2152   150  65
977        2155   123  65
978        2164   123  65
979        2163   150  65
980        2162   150  65
981        2166   124  65
982        2165   123  65
983        2173   150  65
984        2174   124  65
985        2172   150  65
986        2175   123  65
987        2180   150  65
988        2181   150  65
989        2182   120  65
990        2183   121  65
991        2190   150  65
992        2191   150  65
993        2193   124  65
994        2192   121  65
995        2197   150  65
996        2196   150  65
997        2204   124  65
998        2202   150  65
999        2205   124  65
1000       2203   150  65
1001       2208   150  65
1002       2209   144  65
1003       2215   145  65
1004       2217   122  65
1005       2216   122  65
1006       2214   150  65
1007       2224   150  65
1008       2226   123  65
1009       2225   125  65
1010       2228   150  65
1011       2233   123  65
1012       2234   128  65
1013       2232   150  65
1014       2236   150  65
1015       2242   123  65
1016       2241   121  65
1017       2240   145  65
1018       2246   144  65
1019       2252   128  65
1020       2251   124  65
1021       2250   150  65
1022       2254   150  65
1023       2259   128  65
1024       2258   150  65
1025       2260   128  65
1026       2262   145  65
1027       2267   126  65
1028       2268   123  65
1029       2266   138  65
1030       2275   125  65
1031       2276   123  65
1032       2274   150  65
1033       2278   144  65
1034       2283   123  65
1035       2282   145  65
1036       2284   126  65
1037       2286   138  65
1038       2290   138  65
1039       2292   123  65
1040       2291   121  65
1041       2296   137  65
1042       2301   123  65
1043       2300   138  65
1044       2302   124  65
1045       2304   138  65
1046       2309   124  65
1047       2310   123  65
1048       2308   135  65
1049       2312   137  65
1050       2316   135  65
1051       2318   121  65
1052       2317   122  65
1053       2322   137  65
1054       2327   121  65
1055       2328   123  65
1056       2326   133  65
1057       2330   135  65
1058       2332   134  65
1059       2334   133  65
1060       2338   133  65
1061       2339   120  65
1062       2344   124  65
1063       2343   121  65
1064       2346   137  65
1065       2348   137  65
1066       2353   123  65
1067       2352   138  65
1068       2357   137  65
1069       2360   145  65
1070       2361   123  65
1071       2362   128  65
1072       2364   138  65
1073       2368   137  65
1074       2369   123  65
1075       2374   150  65
1076       2375   124  65
1077       2376   128  65
1078       2378   137  65
1079       2383   138  65
1080       2382   129  65
1081       2384   121  65
1082       2388   137  65
1083       2393   125  65
1084       2392   137  65
1085       2394   123  65
1086       2396   137  65
1087       2398   138  65
1088       2403   123  65
1089       2402   138  65
1090       2408   128  65
1091       2407   124  65
1092       2410   137  65
1093       2412   137  65
1094       2416   138  65
1095       2417   123  65
1096       2421   137  65
1097       2424   145  65
1098       2425   123  65
1099       2426   128  65
1100       2428   138  65
1101       2433   123  65
1102       2432   137  65
1103       2440   128  65
1104       2438   150  65
1105       2439   124  65
1106       2442   137  65
1107       2446   138  65
1108       2447   121  65
1109       2451   137  65
1110       2455   135  65
1111       2454   137  65
1112       2457   123  65
1113       2456   125  65
1114       2460   137  65
1115       2462   138  65
1116       2466   138  65
1117       2467   123  65
1118       2471   124  65
1119       2472   128  65
1120       2474   138  65
1121       2476   138  65
1122       2480   145  65
1123       2481   123  65
1124       2485   138  65
1125       2488   150  65
1126       2491   128  65
1127       2489   150  65
1128       2490   123  65
1129       2494   126  65
1130       2495   127  65
1131       2499   145  65
1132       2498   150  65
1133       2506   123  65
1134       2504   150  65
1135       2505   138  65
1136       2514   124  65
1137       2513   150  65
1138       2515   128  65
1139       2512   150  65
1140       2518   150  65
1141       2519   138  65
1142       2525   138  65
1143       2524   150  65
1144       2526   121  65
1145       2534   123  65
1146       2533   125  65
1147       2532   144  65
1148       2540   123  65
1149       2539   137  65
1150       2538   150  65
1151       2541   126  65
1152       2544   150  65
1153       2545   138  65
1154       2550   150  65
1155       2552   123  65
1156       2551   138  65
1157       2557   128  65
1158       2556   124  65
1159       2562   123  65
1160       2565   137  65
1161       2570   126  65
1162       2568   150  65
1163       2569   123  65
1164       2572   150  65
1165       2577   126  65
1166       2578   127  65
1167       2576   144  65
1168       2580   145  65
1169       2585   123  65
1170       2584   150  65
1171       2589   124  65
1172       2590   128  65
1173       2592   138  65
1174       2596   137  65
1175       2599   125  65
1176       2597   135  65
1177       2600   123  65
1178       2598   121  65
1179       2605   137  65
1180       2607   138  65
1181       2609   138  65
1182       2611   145  65
1183       2613   144  65
1184       2619   124  65
1185       2620   124  65
1186       2618   150  65
1187       2625   126  65
1188       2628   124  65
1189       2629   123  65
1190       2632   123  65
1191       2633   128  65
1192       2636   123  65
1193       2640   124  65
1194       2641   123  65
1195       2644   123  65
1196       2645   128  65
1197       2648   123  65
1198       2653   123  65
1199       2652   124  65
1200       2656   123  65
1201       2657   128  65
1202       2660   123  65
1203       2665   123  65
1204       2664   124  65
1205       2669   123  65
1206       2668   138  65
1207       2670   128  65
1208       2672   138  65
1209       2678   123  65
1210       2677   126  65
1211       2676   145  65
1212       2682   138  65
1213       2688   123  65
1214       2687   124  65
1215       2686   150  65
1216       2691   123  65
1217       2692   128  65
1218       2694   145  65
1219       2698   138  65
1220       2700   121  65
1221       2699   120  65
1222       2708   124  65
1223       2706   150  65
1224       2707   124  65
1225       2713   124  65
1226       2712   138  65
1227       2714   123  65
1228       2718   138  65
1229       2719   122  65
1230       2720   122  65
1231       2724   137  65
1232       2730   125  65
1233       2728   145  65
1234       2729   123  65
1235       2733   125  65
1236       2734   123  65
1237       2736   138  65
1238       2742   123  65
1239       2740   137  65
1240       2741   121  65
1241       2748   124  65
1242       2747   124  65
1243       2753   124  65
1244       2754   128  65
1245       2752   138  65
1246       2756   137  65
1247       2762   123  65
1248       2761   126  65
1249       2760   137  65
1250       2769   123  65
1251       2770   125  65
1252       2768   137  65
1253       2775   125  65
1254       2776   123  65
1255       2774   138  65
1256       2778   138  65
1257       2782   138  65
1258       2784   123  65
1259       2783   121  65
1260       2791   124  65
1261       2790   138  65
1262       2792   123  65
1263       2797   123  65
1264       2796   138  65
1265       2798   128  65
1266       2800   145  65
1267       2806   121  65
1268       2805   122  65
1269       2804   137  65
1270       2809   138  65
1271       2810   144  65
1272       2816   144  65
1273       2817   125  65
1274       2818   123  65
1275       2820   145  65
1276       2825   123  65
1277       2824   138  65
1278       2826   126  65
1279       2828   138  65
1280       2833   126  65
1281       2832   138  65
1282       2834   120  65
1283       2840   124  65
1284       2839   124  65
1285       2845   124  65
1286       2846   123  65
1287       2844   138  65
1288       2848   138  65
1289       2854   123  65
1290       2852   145  65
1291       2853   126  65
1292       2858   138  65
1293       2865   124  65
1294       2864   123  65
1295       2862   150  65
1296       2863   150  65
1297       2868   124  65
1298       2869   123  65
1299       2872   145  65
1300       2873   138  65
1301       2881   124  65
1302       2880   120  65
1303       2879   137  65
1304       2878   138  65
1305       2890   124  65
1306       2891   123  65
1307       2889   150  65
1308       2888   150  65
1309       2897   123  65
1310       2898   128  65
1311       2896   138  65
1312       2903   122  65
1313       2902   138  65
1314       2904   125  65
1315       2908   137  65
1316       2913   137  65
1317       2915   128  65
1318       2912   150  65
1319       2914   123  65
1320       2923   127  65
1321       2922   128  65
1322       2921   138  65
1323       2920   150  65
1324       2926   150  65
1325       2927   145  65
1326       2933   138  65
1327       2932   150  65
1328       2934   121  65
1329       2935   123  65
1330       2941   128  65
1331       2940   124  65
1332       2944   138  65
1333       2949   123  65
1334       2950   123  65
1335       2948   137  65
1336       2958   125  65
1337       2957   123  65
1338       2956   137  65
1339       2962   128  65
1340       2961   138  65
1341       2966   126  65
1342       2965   138  65
1343       2970   138  65
1344       2971   123  65
1345       2976   138  65
1346       2978   128  65
1347       2977   123  65
1348       2980   138  65
1349       2982   145  65
1350       2988   121  65
1351       2986   135  65
1352       2987   137  65
1353       2991   138  65
1354       2992   144  65
1355       2999   144  65
1356       2998   135  65
1357       3001   123  65
1358       3000   125  65
1359       3005   145  65
1360       3004   138  65
1361       3012   120  65
1362       3011   138  65
1363       3010   135  65
1364       3014   138  65
1365       3018   138  65
1366       3020   123  65
1367       3019   137  65
1368       3024   124  65
1369       3025   123  65
1370       3028   123  65
1371       3029   128  65
1372       3034   123  65
1373       3038   124  65
1374       3039   123  65
1375       3043   123  65
1376       3044   128  65
1377       3042   145  65
1378       3046   144  65
1379       3052   123  65
1380       3050   145  65
1381       3051   150  65
1382       3058   150  65
1383       3061   123  65
1384       3059   150  65
1385       3060   124  65
1386       3063   150  65
1387       3070   123  65
1388       3068   150  65
1389       3069   150  65
1390       3071   128  65
1391       3073   150  65
1392       3078   150  65
1393       3079   150  65
1394       3081   121  65
1395       3080   150  65
1396       3088   150  65
1397       3089   138  65
1398       3090   124  65
1399       3091   124  65
1400       3094   150  65
1401       3099   124  65
1402       3098   150  65
1403       3100   123  65
1404       3102   144  65
1405       3106   145  65
1406       3108   122  65
1407       3114   145  65
1408       3116   125  65
1409       3115   150  65
1410       3117   123  65
1411       3119   150  65
1412       3124   145  65
1413       3127   127  65
1414       3126   128  65
1415       3125   150  65
1416       3129   150  65
1417       3134   145  65
1418       3135   150  65
1419       3136   123  65
1420       3142   145  65
1421       3143   124  65
1422       3144   128  65
1423       3146   144  65
1424       3151   128  65
1425       3152   128  65
1426       3150   145  65
1427       3154   138  65
1428       3158   138  65
1429       3159   123  65
1430       3164   138  65
1431       3166   126  65
1432       3165   123  65
1433       3171   126  65
1434       3170   138  65
1435       3172   127  65
1436       3174   137  65
1437       3178   137  65
1438       3179   123  65
1439       3186   128  65
1440       3184   137  65
1441       3185   123  65
1442       3191   128  65
1443       3190   137  65
1444       3192   128  65
1445       3194   138  65
1446       3199   121  65
1447       3198   138  65
1448       3204   138  65
1449       3206   126  65
1450       3205   123  65
1451       3208   145  65
1452       3213   126  65
1453       3212   138  65
1454       3214   127  65
1455       3216   145  65
1456       3220   138  65
1457       3221   124  65
1458       3225   124  65
1459       3226   123  65
1460       3232   123  65
1461       3233   128  65
1462       3231   138  65
1463       3230   145  65
1464       3236   144  65
1465       3237   138  65
1466       3242   138  65
1467       3244   123  65
1468       3243   126  65
1469       3247   145  65
1470       3248   150  65
1471       3254   150  65
1472       3256   123  65
1473       3255   150  65
1474       3258   124  65
1475       3257   123  65
1476       3260   150  65
1477       3268   124  65
1478       3266   150  65
1479       3269   123  65
1480       3267   150  65
1481       3271   150  65
1482       3278   150  65
1483       3276   150  65
1484       3279   120  65
1485       3277   150  65
1486       3280   121  65
1487       3288   150  65
1488       3290   124  65
1489       3289   121  65
1490       3292   150  65
1491       3297   124  65
1492       3296   150  65
1493       3298   124  65
1494       3300   144  65
1495       3307   122  65
1496       3305   145  65
1497       3306   122  65
1498       3304   138  65
1499       3314   145  65
1500       3316   125  65
1501       3315   150  65
1502       3317   123  65
1503       3319   150  65
1504       3326   123  65
1505       3324   145  65
1506       3327   128  65
1507       3325   150  65
1508       3329   150  65
1509       3335   145  65
1510       3336   121  65
1511       3337   123  65
1512       3334   150  65
1513       3341   144  65
1514       3346   145  65
1515       3347   124  65
1516       3348   128  65
1517       3350   138  65
1518       3355   128  65
1519       3356   128  65
1520       3354   138  65
1521       3358   137  65
1522       3363   123  65
1523       3362   137  65
1524       3368   137  65
1525       3370   126  65
1526       3369   123  65
1527       3372   138  65
1528       3374   138  65
1529       3378   138  65
1530       3379   123  65
1531       3385   128  65
1532       3383   132  65
1533       3384   123  65
1534       3388   137  65
1535       3392   137  65
1536       3393   123  65
1537       3400   126  65
1538       3399   123  65
1539       3398   137  65
1540       3402   138  65
1541       3404   138  65
1542       3409   123  65
1543       3408   138  65
1544       3413   123  65
1545       3414   128  65
1546       3416   150  65
1547       3417   138  65
1548       3420   150  65
1549       3421   137  65
1550       3429   123  65
1551       3427   137  65
1552       3428   126  65
1553       3426   150  65
1554       3439   123  65
1555       3438   123  65
1556       3440   125  65
1557       3436   150  65
1558       3437   137  65
1559       3444   150  65
1560       3443   138  65
1561       3447   138  65
1562       3448   150  65
1563       3457   123  65
1564       3454   150  65
1565       3456   121  65
1566       3455   138  65
1567       3465   138  65
1568       3464   150  65
1569       3466   124  65
1570       3467   123  65
1571       3468   128  65
1572       3471   138  65
1573       3472   150  65
1574       3476   150  65
1575       3475   145  65
1576       3482   150  65
1577       3485   121  65
1578       3483   144  65
1579       3484   122  65
1580       3491   145  65
1581       3492   150  65
1582       3493   129  65
1583       3494   127  65
1584       3497   146  65
1585       3498   150  65
1586       3505   131  65
1587       3504   150  65
1588       3503   136  65
1589       3506   125  65
1590       3510   150  65
1591       3509   138  65
1592       3515   138  65
1593       3516   150  65
1594       3517   144  65
1595       3521   123  65
1596       3520   124  65
1597       3524   123  65
1598       3525   128  65
1599       3530   123  65
1600       3534   124  65
1601       3535   123  65
1602       3538   123  65
1603       3539   128  65
1604       3542   123  65
1605       3546   124  65
1606       3547   123  65
1607       3550   123  65
1608       3551   128  65
1609       3554   128  65
1610       3555   128  65
1611       3558   128  65
1612       3559   130  65
1613       3560   145  65
1614       3561   138  65
1615       3564   144  65
1616       3568   138  65
1617       3572   145  65
1618       3571   150  65
1619       3573   150  65
1620       3576   150  65
1621       3575   150  65
1622       3580   150  65
1623       3579   150  65
1624       3586   150  65
1625       3587   138  65
1626       3590   150  65
1627       3591   137  65
1628       3592   138  65
1629       3595   150  65
1630       3596   150  65
1631       3599   150  65
1632       3600   150  65
1633       3604   150  65
1634       3603   150  65
1635       3607   144  65
1636       3608   150  65
1637       3615   137  65
1638       3614   145  65
1639       3618   150  65
1640       3619   138  65
1641       3620   145  65
1642       3623   145  65
1643       3624   150  65
1644       3628   150  65
1645       3627   145  65
1646       3635   137  65
1647       3634   145  65
1648       3638   150  65
1649       3639   138  65
1650       3640   137  65
1651       3644   150  65
1652       3643   145  65
1653       3647   144  65
1654       3648   150  65
1655       3651   145  65
1656       3652   150  65
1657       3655   138  65
1658       3656   150  65
1659       3662   135  65
1660       3665   137  65
1661       3666   138  65
1662       3667   150  65
1663       3672   137  65
1664       3673   133  65
1665       3676   133  65
1666       3677   133  65
1667       3678   138  65
1668       3679   138  65
1669       3683   138  65
1670       3685   135  65
1671       3687   137  65
1672       3689   133  65
1673       3691   133  65
1674       3695   133  65
1675       3697   133  65
1676       3699   131  65
1677       3701   135  65
1678       3704   131  65
1679       3705   131  65
1680       3708   133  65
1681       3709   134  65
1682       3714   133  65
1683       3718   131  65
1684       3715   133  65
1685       3717   135  65
1686       3716   133  65
1687       3725   133  65
1688       3724   137  65
1689       3729   137  65
1690       3728   138  65
1691       3733   138  65
1692       3732   138  65
1693       3737   138  65
1694       3736   145  65
1695       3741   145  65
1696       3740   150  65
1697       3746   133  65
1698       3749   140  65
1699       3750   146  65
1700       3751   150  65