   1  1550    1    0    1   73   57
   2  1811    1    0    0   73    0
   3  1812    1    0    1   73   57
   4  1820    1    0    0   73    0
   5  1850    1    0    1   75   57
   6  2150    1    0    1   73   57
   7  2411    1    0    0   75    0
   8  2412    1    0    1   75   57
   9  2420    1    0    0   73    0
  10  2447    1    0    0   75    0
  11  2450    2    0    1   49   49
  12  2450    1    0    1   77   57
  13  2450    1    0    1   68   57
  14  2695    2    0    0   49    0
  15  2722    2    0    1   56   49
  16  2968    2    0    0   56    0
  17  2993    1    0    0   77    0
  18  2993    1    0    0   68    0
  19  2995    1    0    1   80   57
  20  2995    2    0    1   61   49
  21  3240    1    0    0   80    0
  22  3240    2    0    0   61    0
  23  3268    1    0    1   72   57
  24  3268    2    0    1   53   49
  25  3513    2    0    0   53    0
  26  3540    2    0    1   61   49
  27  3759    1    0    0   72    0
  28  3813    1    0    1   73   57
  29  4031    2    0    0   61    0
  30  4086    2    0    1   65   49
  31  4304    1    0    0   73    0
  32  4359    1    0    1   68   57
  33  4359    1    0    1   73   57
  34  4577    2    0    0   65    0
  35  4631    2    0    1   54   49
  36  4922    2    0    0   54    0
  37  4954    2    0    1   61   49
  38  5244    2    0    0   61    0
  39  5276    2    0    1   66   49
  40  5567    2    0    0   66    0
  41  5598    2    0    0   68    0
  42  5599    2    0    1   68   49
  43  5793    1    0    0   73    0
  44  5793    1    0    0   68    0
  45  6244    1    0    1   73   57
  46  6525    1    0    0   73    0
  47  6526    1    0    1   73   57
  48  6535    1    0    0   73    0
  49  6567    1    0    1   75   57
  50  6857    1    0    0   75    0
  51  6889    1    0    1   73   57
  52  7172    1    0    1   75   57
  53  7180    1    0    0   73    0
  54  7212    1    0    1   68   57
  55  7212    2    0    1   49   49
  56  7212    1    0    1   77   57
  57  7239    1    0    0   75    0
  58  7457    2    0    0   49    0
  59  7485    2    0    1   56   49
  60  7703    1    0    0   68    0
  61  7703    1    0    0   77    0
  62  7730    2    0    0   56    0
  63  7757    1    0    1   73   57
  64  7757    2    0    1   61   49
  65  7757    1    0    1   80   57
  66  8003    1    0    0   80    0
  67  8003    2    0    0   61    0
  68  8003    1    0    0   73    0
  69  8030    1    0    1   75   57
  70  8030    2    0    1   53   49
  71  8030    1    0    1   84   57
  72  8276    2    0    0   53    0
  73  8303    2    0    1   56   49
  74  8548    1    0    0   75    0
  75  8548    1    0    0   84    0
  76  8576    1    0    1   77   57
  77  8576    1    0    1   85   57
  78  8736    2    0    0   56    0
  79  8821    1    0    0   85    0
  80  8821    1    0    0   77    0
  81  8848    1    0    1   73   57
  82  8848    2    0    1   61   49
  83  8848    1    0    1   80   57
  84  9052    1    0    0   80    0
  85  9053    1    0    1   80   80
  86  9094    1    0    0   80    0
  87  9094    1    0    0   73    0
  88  9121    1    0    1   82   57
  89  9121    1    0    1   73   57
  90  9281    2    0    0   61    0
  91  9394    2    0    1   54   49
  92  9664    2    0    0   54    0
  93  9664    1    0    0   73    0
  94  9664    1    0    0   82    0
  95  9694    2    0    1   61   49
  96  9694    1    0    1   80   57
  97  9964    2    0    0   61    0
  98  9994    2    0    1   68   49
  99  10234    1    0    0   80    0
 100  10294    1    0    1   73   57
 101  10864    1    0    0   73    0
 102  10894    1    0    1   73   57
 103  11155    1    0    0   73    0
 104  11156    1    0    1   73   57
 105  11164    1    0    0   73    0
 106  11194    1    0    1   75   57
 107  11464    1    0    0   75    0
 108  11494    1    0    1   73   57
 109  11756    1    0    1   75   57
 110  11764    1    0    0   73    0
 111  11791    1    0    0   75    0
 112  11793    1    0    0   68    0
 113  11794    1    0    1   77   57
 114  11794    2    0    1   49   49
 115  11794    1    0    1   68   57
 116  11795    2    0    0   68    0
 117  12039    2    0    0   49    0
 118  12067    2    0    1   56   49
 119  12312    2    0    0   56    0
 120  12337    1    0    0   77    0
 121  12339    2    0    1   61   49
 122  12339    1    0    1   80   57
 123  12585    2    0    0   61    0
 124  12585    1    0    0   80    0
 125  12612    2    0    1   53   49
 126  12612    1    0    1   72   57
 127  12857    2    0    0   53    0
 128  12885    2    0    1   61   49
 129  13103    1    0    0   72    0
 130  13157    1    0    1   73   57
 131  13376    2    0    0   61    0
 132  13430    2    0    1   65   49
 133  13648    1    0    0   73    0
 134  13703    1    0    1   73   57
 135  13703    1    0    1   68   57
 136  13921    2    0    0   65    0
 137  13976    2    0    1   54   49
 138  14246    2    0    0   54    0
 139  14276    2    0    1   61   49
 140  14455    1    0    0   73    0
 141  14455    1    0    0   68    0
 142  14575    1    0    1   66   57
 143  14845    1    0    0   66    0
 144  14875    1    0    1   68   57
 145  15445    1    0    0   68    0
 146  15475    1    0    1   73   57
 147  15737    1    0    0   73    0
 148  15738    1    0    1   73   57
 149  15745    1    0    0   73    0
 150  15775    1    0    1   75   57
 151  16045    1    0    0   75    0
 152  16075    1    0    1   73   57
 153  16256    2    0    0   61    0
 154  16338    1    0    1   75   57
 155  16345    1    0    0   73    0
 156  16375    1    0    1   77   57
 157  16375    1    0    1   68   57
 158  16376    2    0    1   49   49
 159  16403    1    0    0   75    0
 160  16621    2    0    0   49    0
 161  16648    2    0    1   56   49
 162  16867    1    0    0   68    0
 163  16867    1    0    0   77    0
 164  16894    2    0    0   56    0
 165  16921    2    0    1   61   49
 166  16921    1    0    1   80   57
 167  16921    1    0    1   73   57
 168  17167    2    0    0   61    0
 169  17167    1    0    0   73    0
 170  17167    1    0    0   80    0
 171  17194    2    0    1   53   49
 172  17194    1    0    1   84   57
 173  17194    1    0    1   75   57
 174  17439    2    0    0   53    0
 175  17467    2    0    1   56   49
 176  17736    1    0    0   75    0
 177  17736    1    0    0   84    0
 178  17766    1    0    1   77   57
 179  17766    1    0    1   85   57
 180  17947    2    0    0   56    0
 181  18036    1    0    0   85    0
 182  18036    1    0    0   77    0
 183  18066    1    0    1   80   57
 184  18066    1    0    1   73   57
 185  18067    2    0    1   61   49
 186  18290    1    0    0   80    0
 187  18291    1    0    1   80   80
 188  18336    1    0    0   80    0
 189  18336    1    0    0   73    0
 190  18366    1    0    1   82   57
 191  18366    1    0    1   73   57
 192  18547    2    0    0   61    0
 193  18667    2    0    1   54   49
 194  18966    1    0    0   82    0
 195  18966    1    0    0   73    0
 196  18967    2    0    0   54    0
 197  19000    2    0    1   61   49
 198  19000    1    0    1   80   57
 199  19266    1    0    0   80    0
 200  19333    1    0    1   68   57
 201  19633    1    0    0   68    0
 202  19666    1    0    1   73   57
 203  19966    1    0    0   73    0
 204  20666    1    0    1   82   57
 205  20966    1    0    0   82    0
 206  21000    1    0    1   84   57
 207  21200    2    0    0   61    0
 208  21300    1    0    0   84    0
 209  21333    1    0    1   85   57
 210  21333    1    0    1   77   57
 211  21333    2    0    1   58   49
 212  21590    2    0    0   58    0
 213  21619    2    0    1   65   49
 214  21847    1    0    0   85    0
 215  21847    1    0    0   77    0
 216  21904    1    0    1   73   57
 217  22161    1    0    0   73    0
 218  22190    1    0    1   84   57
 219  22190    1    0    1   75   57
 220  22733    1    0    0   84    0
 221  22733    1    0    0   75    0
 222  22761    1    0    1   80   57
 223  22761    1    0    1   72   57
 224  23276    1    0    0   80    0
 225  23276    1    0    0   72    0
 226  23297    1    0    1   80   57
 227  23333    1    0    1   82   57
 228  23333    1    0    1   73   57
 229  23361    1    0    0   80    0
 230  23619    2    0    1   54   49
 231  23619    2    0    0   65    0
 232  23876    1    0    0   73    0
 233  23876    1    0    0   82    0
 234  23876    2    0    0   54    0
 235  23904    1    0    1   80   57
 236  23905    2    0    1   61   49
 237  24162    2    0    0   61    0
 238  24190    2    0    1   68   49
 239  24419    1    0    0   80    0
 240  24476    1    0    1   73   57
 241  24990    1    0    0   73    0
 242  25047    1    0    1   75   57
 243  25546    1    0    0   75    0
 244  25547    1    0    1   75   80
 245  25561    1    0    0   75    0
 246  25618    1    0    0   68    0
 247  25619    1    0    1   77   57
 248  25619    1    0    1   68   57
 249  25905    2    0    1   49   49
 250  25905    2    0    0   68    0
 251  26150    2    0    0   49    0
 252  26150    1    0    0   77    0
 253  26177    2    0    1   56   49
 254  26177    1    0    1   68   57
 255  26423    2    0    0   56    0
 256  26423    1    0    0   68    0
 257  26450    2    0    1   61   49
 258  26450    1    0    1   80   57
 259  26695    1    0    0   80    0
 260  26723    1    0    1   75   57
 261  26941    2    0    0   61    0
 262  26995    2    0    1   48   49
 263  27241    2    0    0   48    0
 264  27241    1    0    0   75    0
 265  27268    2    0    1   56   49
 266  27268    1    0    1   68   57
 267  27513    1    0    0   68    0
 268  27514    2    0    0   56    0
 269  27541    2    0    1   60   49
 270  27541    1    0    1   80   57
 271  27786    1    0    0   80    0
 272  27813    1    0    1   78   57
 273  28032    2    0    0   60    0
 274  28086    2    0    1   46   49
 275  28332    2    0    0   46    0
 276  28332    1    0    0   78    0
 277  28359    2    0    1   53   49
 278  28359    1    0    1   77   57
 279  28604    1    0    0   77    0
 280  28632    1    0    1   75   57
 281  28877    1    0    0   75    0
 282  28904    1    0    1   73   57
 283  29150    1    0    0   73    0
 284  29723    1    0    1   82   57
 285  29723    1    0    1   73   57
 286  29968    1    0    0   82    0
 287  29968    1    0    0   73    0
 288  29995    1    0    1   84   57
 289  29995    1    0    1   75   57
 290  30159    2    0    0   53    0
 291  30241    1    0    0   75    0
 292  30241    1    0    0   84    0
 293  30268    2    0    1   54   49
 294  30268    1    0    1   85   57
 295  30268    1    0    1   78   57
 296  30514    2    0    0   54    0
 297  30541    2    0    1   61   49
 298  30786    2    0    0   61    0
 299  30814    2    0    1   68   49
 300  31086    1    0    0   85    0
 301  31086    1    0    0   78    0
 302  31086    1    0    1   84   57
 303  31086    1    0    1   75   57
 304  31523    1    0    0   84    0
 305  31523    1    0    0   75    0
 306  31632    1    0    1   80   57
 307  31632    1    0    1   72   57
 308  32123    1    0    0   80    0
 309  32123    1    0    0   72    0
 310  32143    1    0    1   80   57
 311  32177    1    0    1   82   57
 312  32177    1    0    1   73   57
 313  32204    1    0    0   80    0
 314  32450    2    0    1   53   49
 315  32450    2    0    0   68    0
 316  32695    2    0    0   53    0
 317  32695    1    0    0   73    0
 318  32695    1    0    0   82    0
 319  32723    2    0    1   61   49
 320  32723    1    0    1   80   57
 321  32968    2    0    0   61    0
 322  32995    2    0    1   65   49
 323  33213    1    0    0   80    0
 324  33268    1    0    1   73   57
 325  33759    1    0    0   73    0
 326  33813    1    0    1   75   57
 327  34448    1    0    1   63   57
 328  34509    1    0    0   63    0
 329  34509    1    0    1   68   57
 330  34570    1    0    0   68    0
 331  34570    1    0    1   70   57
 332  34631    1    0    0   75    0
 333  34632    1    0    1   75   57
 334  34632    1    0    0   70    0
 335  34632    2    0    0   65    0
 336  34632    2    0    1   51   49
 337  34633    1    0    0   75    0
 338  34877    2    0    0   51    0
 339  34905    2    0    1   58   49
 340  35150    2    0    0   58    0
 341  35177    2    0    1   61   49
 342  35450    1    0    1   66   57
 343  35614    2    0    0   61    0
 344  35723    2    0    1   63   49
 345  35886    1    0    0   66    0
 346  35995    1    0    1   68   57
 347  36159    2    0    0   63    0
 348  36268    2    0    1   61   49
 349  36486    1    0    0   68    0
 350  36541    1    0    1   70   57
 351  36705    2    0    0   61    0
 352  36814    2    0    1   63   49
 353  37059    1    0    0   70    0
 354  37086    1    0    1   73   57
 355  37250    2    0    0   63    0
 356  37359    2    0    1   61   49
 357  37577    1    0    0   73    0
 358  37632    1    0    1   75   57
 359  37795    2    0    0   61    0
 360  37905    2    0    1   63   49
 361  38123    1    0    0   75    0
 362  38177    1    0    1   78   57
 363  38341    2    0    0   63    0
 364  38450    2    0    1   61   49
 365  38811    1    0    1   80   57
 366  38873    1    0    1   75   57
 367  38873    1    0    0   80    0
 368  38886    2    0    0   61    0
 369  38934    1    0    0   75    0
 370  38934    1    0    1   73   57
 371  38995    1    0    0   78    0
 372  38995    1    0    0   73    0
 373  38995    1    0    1   68   57
 374  38995    2    0    1   44   49
 375  39241    2    0    0   44    0
 376  39268    2    0    1   51   49
 377  39514    2    0    0   51    0
 378  39541    2    0    1   54   49
 379  39786    2    0    0   54    0
 380  39814    2    0    1   61   49
 381  40332    1    0    0   68    0
 382  40359    1    0    1   68   57
 383  40905    2    0    0   61    0
 384  40905    2    0    1   60   49
 385  41150    2    0    0   60    0
 386  41177    2    0    1   60   37
 387  41177    2    0    1   56   37
 388  42159    1    0    0   68    0
 389  42541    1    0    1   73   63
 390  42778    1    0    0   73    0
 391  42779    1    0    1   73   63
 392  42786    1    0    0   73    0
 393  42813    1    0    1   75   63
 394  43059    1    0    0   75    0
 395  43086    1    0    1   73   63
 396  43141    2    0    0   56    0
 397  43141    2    0    0   60    0
 398  43325    1    0    1   75   57
 399  43332    1    0    0   73    0
 400  43357    1    0    0   75    0
 401  43359    1    0    1   68   57
 402  43359    2    0    1   49   49
 403  43359    1    0    1   77   57
 404  43605    2    0    0   49    0
 405  43632    2    0    1   56   49
 406  43877    2    0    0   56    0
 407  43902    1    0    0   68    0
 408  43902    1    0    0   77    0
 409  43904    1    0    1   80   57
 410  43905    2    0    1   61   49
 411  44150    2    0    0   61    0
 412  44150    1    0    0   80    0
 413  44177    2    0    1   53   49
 414  44177    1    0    1   72   57
 415  44423    2    0    0   53    0
 416  44450    2    0    1   61   49
 417  44668    1    0    0   72    0
 418  44723    1    0    1   73   57
 419  44941    2    0    0   61    0
 420  44995    2    0    1   65   49
 421  45213    1    0    0   73    0
 422  45268    1    0    1   73   57
 423  45268    1    0    1   68   57
 424  45486    2    0    0   65    0
 425  45541    2    0    1   54   49
 426  45831    2    0    0   54    0
 427  45864    2    0    1   61   49
 428  46154    2    0    0   61    0
 429  46186    2    0    1   66   49
 430  46476    2    0    0   66    0
 431  46508    2    0    0   68    0
 432  46509    2    0    1   68   49
 433  46702    1    0    0   68    0
 434  46702    1    0    0   73    0
 435  47153    1    0    1   73   57
 436  47435    1    0    0   73    0
 437  47436    1    0    1   73   57
 438  47444    1    0    0   73    0
 439  47476    1    0    1   75   57
 440  47766    1    0    0   75    0
 441  47799    1    0    1   73   57
 442  48081    1    0    1   75   57
 443  48089    1    0    0   73    0
 444  48121    1    0    1   68   57
 445  48121    1    0    1   77   57
 446  48122    2    0    1   49   49
 447  48149    1    0    0   75    0
 448  48367    2    0    0   49    0
 449  48394    2    0    1   56   49
 450  48612    1    0    0   77    0
 451  48612    1    0    0   68    0
 452  48640    2    0    0   56    0
 453  48667    1    0    1   80   57
 454  48667    1    0    1   73   57
 455  48667    2    0    1   61   49
 456  48912    1    0    0   73    0
 457  48912    1    0    0   80    0
 458  48912    2    0    0   61    0
 459  48940    1    0    1   84   57
 460  48940    1    0    1   75   57
 461  48940    2    0    1   53   49
 462  49185    2    0    0   53    0
 463  49212    2    0    1   56   49
 464  49458    1    0    0   84    0
 465  49458    1    0    0   75    0
 466  49485    1    0    1   85   57
 467  49485    1    0    1   77   57
 468  49645    2    0    0   56    0
 469  49730    1    0    0   77    0
 470  49730    1    0    0   85    0
 471  49758    1    0    1   80   57
 472  49758    1    0    1   73   57
 473  49758    2    0    1   61   49
 474  49961    1    0    0   80    0
 475  49962    1    0    1   80   80
 476  50003    1    0    0   73    0
 477  50003    1    0    0   80    0
 478  50030    1    0    1   73   57
 479  50030    1    0    1   82   57
 480  50191    2    0    0   61    0
 481  50303    2    0    1   54   49
 482  50573    1    0    0   82    0
 483  50573    2    0    0   54    0
 484  50573    1    0    0   73    0
 485  50603    1    0    1   80   57
 486  50603    2    0    1   61   49
 487  50873    2    0    0   61    0
 488  50903    2    0    1   68   49
 489  51143    1    0    0   80    0
 490  51203    1    0    1   73   57
 491  51773    1    0    0   73    0
 492  51803    1    0    1   73   57
 493  52065    1    0    0   73    0
 494  52066    1    0    1   73   57
 495  52073    1    0    0   73    0
 496  52103    1    0    1   75   57
 497  52373    1    0    0   75    0
 498  52403    1    0    1   73   57
 499  52666    1    0    1   75   57
 500  52673    1    0    0   73    0
 501  52701    1    0    0   75    0
 502  52702    1    0    0   68    0
 503  52703    1    0    1   68   57
 504  52703    1    0    1   77   57
 505  52703    2    0    1   49   49
 506  52704    2    0    0   68    0
 507  52949    2    0    0   49    0
 508  52976    2    0    1   56   49
 509  53222    2    0    0   56    0
 510  53246    1    0    0   77    0
 511  53249    1    0    1   80   57
 512  53249    2    0    1   61   49
 513  53494    1    0    0   80    0
 514  53494    2    0    0   61    0
 515  53521    1    0    1   72   57
 516  53522    2    0    1   53   49
 517  53767    2    0    0   53    0
 518  53794    2    0    1   61   49
 519  54012    1    0    0   72    0
 520  54067    1    0    1   73   57
 521  54285    2    0    0   61    0
 522  54340    2    0    1   65   49
 523  54558    1    0    0   73    0
 524  54612    1    0    1   68   57
 525  54612    1    0    1   73   57
 526  54831    2    0    0   65    0
 527  54885    2    0    1   54   49
 528  55155    2    0    0   54    0
 529  55185    2    0    1   61   49
 530  55365    1    0    0   68    0
 531  55365    1    0    0   73    0
 532  55485    1    0    1   66   57
 533  55755    1    0    0   66    0
 534  55785    1    0    1   68   57
 535  56355    1    0    0   68    0
 536  56385    1    0    1   73   57
 537  56646    1    0    0   73    0
 538  56647    1    0    1   73   57
 539  56655    1    0    0   73    0
 540  56685    1    0    1   75   57
 541  56955    1    0    0   75    0
 542  56985    1    0    1   73   57
 543  57165    2    0    0   61    0
 544  57247    1    0    1   75   57
 545  57255    1    0    0   73    0
 546  57285    1    0    1   68   57
 547  57285    2    0    1   49   49
 548  57285    1    0    1   77   57
 549  57312    1    0    0   75    0
 550  57531    2    0    0   49    0
 551  57558    2    0    1   56   49
 552  57776    1    0    0   77    0
 553  57776    1    0    0   68    0
 554  57803    2    0    0   56    0
 555  57830    1    0    1   73   57
 556  57830    1    0    1   80   57
 557  57831    2    0    1   61   49
 558  58076    1    0    0   80    0
 559  58076    2    0    0   61    0
 560  58076    1    0    0   73    0
 561  58103    1    0    1   75   57
 562  58103    2    0    1   53   49
 563  58103    1    0    1   84   57
 564  58349    2    0    0   53    0
 565  58376    2    0    1   56   49
 566  58646    1    0    0   84    0
 567  58646    1    0    0   75    0
 568  58676    1    0    1   85   57
 569  58676    1    0    1   77   57
 570  58856    2    0    0   56    0
 571  58946    1    0    0   77    0
 572  58946    1    0    0   85    0
 573  58976    1    0    1   73   57
 574  58976    2    0    1   61   49
 575  58976    1    0    1   80   57
 576  59200    1    0    0   80    0
 577  59201    1    0    1   80   80
 578  59246    1    0    0   73    0
 579  59246    1    0    0   80    0
 580  59276    1    0    1   73   57
 581  59276    1    0    1   82   57
 582  59456    2    0    0   61    0
 583  59576    2    0    1   54   49
 584  59876    2    0    0   54    0
 585  59876    1    0    0   73    0
 586  59876    1    0    0   82    0
 587  59909    1    0    1   80   57
 588  59909    2    0    1   61   49
 589  60176    1    0    0   80    0
 590  60242    1    0    1   68   57
 591  60542    1    0    0   68    0
 592  60576    1    0    1   73   57
 593  60876    1    0    0   73    0
 594  61576    1    0    1   82   57
 595  61876    1    0    0   82    0
 596  61909    1    0    1   84   57
 597  62109    2    0    0   61    0
 598  62209    1    0    0   84    0
 599  62242    1    0    1   85   57
 600  62242    1    0    1   77   57
 601  62243    2    0    1   58   49
 602  62500    2    0    0   58    0
 603  62528    2    0    1   65   49
 604  62757    1    0    0   77    0
 605  62757    1    0    0   85    0
 606  62814    1    0    1   73   57
 607  63071    1    0    0   73    0
 608  63100    1    0    1   75   57
 609  63100    1    0    1   84   57
 610  63643    1    0    0   75    0
 611  63643    1    0    0   84    0
 612  63671    1    0    1   72   57
 613  63671    1    0    1   80   57
 614  64185    1    0    0   72    0
 615  64185    1    0    0   80    0
 616  64207    1    0    1   80   57
 617  64243    1    0    1   73   57
 618  64243    1    0    1   82   57
 619  64271    1    0    0   80    0
 620  64528    2    0    0   65    0
 621  64528    2    0    1   54   49
 622  64785    1    0    0   73    0
 623  64785    1    0    0   82    0
 624  64786    2    0    0   54    0
 625  64814    1    0    1   80   57
 626  64814    2    0    1   61   49
 627  65071    2    0    0   61    0
 628  65100    2    0    1   68   49
 629  65328    1    0    0   80    0
 630  65385    1    0    1   73   57
 631  65900    1    0    0   73    0
 632  65957    1    0    1   75   57
 633  66456    1    0    0   75    0
 634  66457    1    0    1   75   80
 635  66471    1    0    0   75    0
 636  66527    1    0    0   68    0
 637  66528    1    0    1   68   57
 638  66528    1    0    1   77   57
 639  66814    2    0    0   68    0
 640  66814    2    0    1   49   49
 641  67059    1    0    0   77    0
 642  67060    2    0    0   49    0
 643  67087    1    0    1   68   57
 644  67087    2    0    1   56   49
 645  67332    1    0    0   68    0
 646  67332    2    0    0   56    0
 647  67359    1    0    1   80   57
 648  67360    2    0    1   61   49
 649  67605    1    0    0   80    0
 650  67632    1    0    1   75   57
 651  67851    2    0    0   61    0
 652  67905    2    0    1   48   49
 653  68150    1    0    0   75    0
 654  68151    2    0    0   48    0
 655  68178    1    0    1   68   57
 656  68178    2    0    1   56   49
 657  68423    1    0    0   68    0
 658  68423    2    0    0   56    0
 659  68450    1    0    1   80   57
 660  68451    2    0    1   60   49
 661  68696    1    0    0   80    0
 662  68723    1    0    1   78   57
 663  68941    2    0    0   60    0
 664  68996    2    0    1   46   49
 665  69241    1    0    0   78    0
 666  69241    2    0    0   46    0
 667  69269    1    0    1   77   57
 668  69269    2    0    1   53   49
 669  69514    1    0    0   77    0
 670  69541    1    0    1   75   57
 671  69787    1    0    0   75    0
 672  69814    1    0    1   73   57
 673  70059    1    0    0   73    0
 674  70632    1    0    1   73   57
 675  70632    1    0    1   82   57
 676  70878    1    0    0   73    0
 677  70878    1    0    0   82    0
 678  70905    1    0    1   75   57
 679  70905    1    0    1   84   57
 680  71069    2    0    0   53    0
 681  71150    1    0    0   84    0
 682  71150    1    0    0   75    0
 683  71178    1    0    1   78   57
 684  71178    2    0    1   54   49
 685  71178    1    0    1   85   57
 686  71423    2    0    0   54    0
 687  71451    2    0    1   61   49
 688  71696    2    0    0   61    0
 689  71723    2    0    1   68   49
 690  71996    1    0    1   75   57
 691  71996    1    0    0   85    0
 692  71996    1    0    0   78    0
 693  71996    1    0    1   84   57
 694  72432    1    0    0   75    0
 695  72432    1    0    0   84    0
 696  72541    1    0    1   72   57
 697  72541    1    0    1   80   57
 698  73032    1    0    0   72    0
 699  73032    1    0    0   80    0
 700  73053    1    0    1   80   57
 701  73087    1    0    1   73   57
 702  73087    1    0    1   82   57
 703  73114    1    0    0   80    0
 704  73360    2    0    0   68    0
 705  73360    2    0    1   53   49
 706  73605    1    0    0   82    0
 707  73605    2    0    0   53    0
 708  73605    1    0    0   73    0
 709  73632    1    0    1   80   57
 710  73632    2    0    1   61   49
 711  73878    2    0    0   61    0
 712  73905    2    0    1   65   49
 713  74123    1    0    0   80    0
 714  74178    1    0    1   73   57
 715  74669    1    0    0   73    0
 716  74723    1    0    1   75   57
 717  75357    1    0    1   63   57
 718  75419    1    0    1   68   57
 719  75419    1    0    0   63    0
 720  75480    1    0    1   70   57
 721  75480    1    0    0   68    0
 722  75540    1    0    0   75    0
 723  75541    2    0    1   51   49
 724  75541    1    0    0   70    0
 725  75541    1    0    1   75   57
 726  75541    2    0    0   65    0
 727  75542    1    0    0   75    0
 728  75787    2    0    0   51    0
 729  75814    2    0    1   58   49
 730  76060    2    0    0   58    0
 731  76087    2    0    1   61   49
 732  76359    1    0    1   66   57
 733  76523    2    0    0   61    0
 734  76632    2    0    1   63   49
 735  76796    1    0    0   66    0
 736  76905    1    0    1   68   57
 737  77069    2    0    0   63    0
 738  77178    2    0    1   61   49
 739  77396    1    0    0   68    0
 740  77450    1    0    1   70   57
 741  77614    2    0    0   61    0
 742  77723    2    0    1   63   49
 743  77969    1    0    0   70    0
 744  77996    1    0    1   73   57
 745  78160    2    0    0   63    0
 746  78269    2    0    1   61   49
 747  78487    1    0    0   73    0
 748  78541    1    0    1   75   57
 749  78705    2    0    0   61    0
 750  78814    2    0    1   63   49
 751  79032    1    0    0   75    0
 752  79087    1    0    1   78   57
 753  79251    2    0    0   63    0
 754  79360    2    0    1   61   49
 755  79721    1    0    1   80   57
 756  79782    1    0    0   80    0
 757  79782    1    0    1   75   57
 758  79796    2    0    0   61    0
 759  79844    1    0    1   73   57
 760  79844    1    0    0   75    0
 761  79905    2    0    1   44   49
 762  79905    1    0    1   68   57
 763  79905    1    0    0   78    0
 764  79905    1    0    0   73    0
 765  80151    2    0    0   44    0
 766  80178    2    0    1   51   49
 767  80423    2    0    0   51    0
 768  80451    2    0    1   54   49
 769  80696    2    0    0   54    0
 770  80723    2    0    1   61   49
 771  81241    1    0    0   68    0
 772  81269    1    0    1   68   57
 773  81814    2    0    1   60   49
 774  81814    2    0    0   61    0
 775  82060    2    0    0   60    0
 776  82086    1    0    0   68    0
 777  82087    1    0    1   68   64
 778  82087    2    0    1   60   40
 779  82087    2    0    1   56   40
 780  83069    1    0    0   68    0
 781  83450    1    0    1   61   69
 782  83688    1    0    0   61    0
 783  83689    1    0    1   61   69
 784  83696    1    0    0   61    0
 785  83723    1    0    1   63   69
 786  83969    1    0    0   63    0
 787  83996    1    0    1   61   69
 788  84051    2    0    0   56    0
 789  84051    2    0    0   60    0
 790  84234    1    0    1   63   55
 791  84241    1    0    0   61    0
 792  84269    1    0    1   65   55
 793  84269    2    0    1   37   53
 794  84269    1    0    1   56   55
 795  84296    1    0    0   63    0
 796  84538    2    0    0   37    0
 797  84541    2    0    1   44   53
 798  84759    1    0    0   56    0
 799  84759    1    0    0   65    0
 800  84807    2    0    0   44    0
 801  84814    2    0    1   53   53
 802  84814    1    0    1   68   69
 803  85059    1    0    0   68    0
 804  85084    2    0    0   53    0
 805  85087    2    0    1   44   53
 806  85087    1    0    1   60   60
 807  85353    2    0    0   44    0
 808  85360    2    0    1   51   80
 809  85605    1    0    0   60    0
 810  85631    2    0    0   51    0
 811  85632    2    0    1   44   80
 812  85632    1    0    1   61   69
 813  85904    2    0    0   44    0
 814  85905    2    0    1   49   80
 815  86123    1    0    0   61    0
 816  86177    2    0    0   49    0
 817  86178    2    0    1   42   80
 818  86178    1    0    1   61   69
 819  86423    1    0    0   61    0
 820  86696    2    0    0   42    0
 821  86723    2    0    1   49   53
 822  86723    1    0    1   85   57
 823  86961    1    0    0   85    0
 824  86962    1    0    1   85   57
 825  86969    1    0    0   85    0
 826  86969    2    0    0   49    0
 827  86996    1    0    1   87   57
 828  86996    2    0    1   56   53
 829  87241    1    0    0   87    0
 830  87241    2    0    0   56    0
 831  87269    1    0    1   85   57
 832  87269    2    0    1   49   53
 833  87514    1    0    0   85    0
 834  87514    2    0    0   49    0
 835  87541    2    0    1   42   53
 836  87541    1    0    1   94   57
 837  87541    1    0    1   82   57
 838  87787    2    0    0   42    0
 839  87787    1    0    0   82    0
 840  87787    1    0    0   94    0
 841  87814    2    0    1   49   53
 842  87814    1    0    1   92   57
 843  87814    1    0    1   80   80
 844  88059    1    0    0   80    0
 845  88059    1    0    0   92    0
 846  88060    2    0    0   49    0
 847  88087    2    0    1   54   53
 848  88332    2    0    0   54    0
 849  88359    1    0    1   61   69
 850  88360    2    0    1   49   53
 851  88482    1    0    0   61    0
 852  88496    1    0    1   63   69
 853  88605    2    0    0   49    0
 854  88619    1    0    0   63    0
 855  88632    1    0    1   65   69
 856  88632    2    0    1   37   53
 857  88878    1    0    0   65    0
 858  88902    2    0    0   37    0
 859  88905    1    0    1   63   69
 860  88905    2    0    1   44   53
 861  89150    1    0    0   63    0
 862  89171    2    0    0   44    0
 863  89178    1    0    1   61   69
 864  89178    2    0    1   49   53
 865  89423    1    0    0   61    0
 866  89447    2    0    0   49    0
 867  89450    1    0    1   60   59
 868  89450    1    0    1   68   59
 869  89451    2    0    1   41   53
 870  89716    2    0    0   41    0
 871  89723    2    0    1   48   53
 872  89969    1    0    0   68    0
 873  89969    1    0    0   60    0
 874  89989    2    0    0   48    0
 875  89996    1    0    1   61   69
 876  89996    2    0    1   53   80
 877  90432    2    0    0   53    0
 878  90487    1    0    0   61    0
 879  90541    1    0    1   61   69
 880  90541    2    0    1   42   80
 881  90787    1    0    0   61    0
 882  91060    2    0    0   42    0
 883  91087    1    0    1   85   56
 884  91087    2    0    1   49   53
 885  91324    1    0    0   85    0
 886  91325    1    0    1   85   56
 887  91332    2    0    0   49    0
 888  91332    1    0    0   85    0
 889  91359    1    0    1   87   56
 890  91360    2    0    1   56   53
 891  91605    2    0    0   56    0
 892  91605    1    0    0   87    0
 893  91632    2    0    1   49   53
 894  91632    1    0    1   85   56
 895  91878    2    0    0   49    0
 896  91878    1    0    0   85    0
 897  91905    1    0    1   94   56
 898  91905    1    0    1   82   56
 899  91905    2    0    1   42   53
 900  92150    1    0    0   94    0
 901  92150    1    0    0   82    0
 902  92151    2    0    0   42    0
 903  92178    1    0    1   92   56
 904  92178    1    0    1   80   80
 905  92178    2    0    1   49   53
 906  92423    1    0    0   80    0
 907  92423    1    0    0   92    0
 908  92423    2    0    0   49    0
 909  92451    2    0    1   54   53
 910  92696    2    0    0   54    0
 911  92723    2    0    1   49   53
 912  92723    1    0    1   61   69
 913  92846    1    0    0   61    0
 914  92859    1    0    1   63   69
 915  92969    2    0    0   49    0
 916  92982    1    0    0   63    0
 917  92996    2    0    1   37   53
 918  92996    1    0    1   65   69
 919  93241    1    0    0   65    0
 920  93265    2    0    0   37    0
 921  93269    2    0    1   44   53
 922  93269    1    0    1   63   69
 923  93514    1    0    0   63    0
 924  93535    2    0    0   44    0
 925  93541    2    0    1   49   53
 926  93541    1    0    1   61   69
 927  93787    1    0    0   61    0
 928  93811    2    0    0   49    0
 929  93814    1    0    1   60   59
 930  93814    1    0    1   68   59
 931  93814    2    0    1   41   53
 932  94080    2    0    0   41    0
 933  94087    2    0    1   49   53
 934  94332    1    0    0   60    0
 935  94332    1    0    0   68    0
 936  94353    2    0    0   49    0
 937  94359    1    0    1   61   69
 938  94360    2    0    1   53   80
 939  94796    2    0    0   53    0
 940  94850    1    0    0   61    0
 941  94905    2    0    1   42   53
 942  94905    1    0    1   61   69
 943  95150    1    0    0   61    0
 944  95423    2    0    0   42    0
 945  95450    1    0    1   85   55
 946  95451    2    0    1   49   53
 947  95688    1    0    0   85    0
 948  95689    1    0    1   85   55
 949  95696    1    0    0   85    0
 950  95696    2    0    0   49    0
 951  95723    1    0    1   87   55
 952  95723    2    0    1   56   53
 953  95969    1    0    0   87    0
 954  95969    2    0    0   56    0
 955  95996    1    0    1   85   55
 956  95996    2    0    1   49   53
 957  96241    1    0    0   85    0
 958  96241    2    0    0   49    0
 959  96269    1    0    1   82   55
 960  96269    2    0    1   42   53
 961  96269    1    0    1   94   55
 962  96514    1    0    0   94    0
 963  96514    2    0    0   42    0
 964  96514    1    0    0   82    0
 965  96541    1    0    1   80   80
 966  96541    2    0    1   49   53
 967  96541    1    0    1   92   55
 968  96787    1    0    0   92    0
 969  96787    2    0    0   49    0
 970  96787    1    0    0   80    0
 971  96814    2    0    1   54   53
 972  97060    2    0    0   54    0
 973  97087    1    0    1   61   69
 974  97087    2    0    1   49   53
 975  97209    1    0    0   61    0
 976  97223    1    0    1   63   69
 977  97332    2    0    0   49    0
 978  97346    1    0    0   63    0
 979  97359    1    0    1   65   69
 980  97360    2    0    1   37   53
 981  97605    1    0    0   65    0
 982  97629    2    0    0   37    0
 983  97632    1    0    1   63   69
 984  97632    2    0    1   44   53
 985  97878    1    0    0   63    0
 986  97898    2    0    0   44    0
 987  97905    1    0    1   61   69
 988  97905    2    0    1   49   53
 989  98150    1    0    0   61    0
 990  98174    2    0    0   49    0
 991  98178    1    0    1   68   59
 992  98178    2    0    1   41   53
 993  98178    1    0    1   60   59
 994  98444    2    0    0   41    0
 995  98451    2    0    1   48   80
 996  98696    1    0    0   68    0
 997  98696    1    0    0   60    0
 998  98722    2    0    0   48    0
 999  98723    1    0    1   61   69
 1000  98723    2    0    1   53   80
 1001  99160    2    0    0   53    0
 1002  99214    1    0    0   61    0
 1003  99269    2    0    1   42   80
 1004  99269    2    0    1   49   80
 1005  99269    1    0    1   61   69
 1006  99787    2    0    0   42    0
 1007  99787    2    0    0   49    0
 1008  99814    2    0    1   49   53
 1009  100060    2    0    0   49    0
 1010  100087    2    0    1   56   53
 1011  100332    2    0    0   56    0
 1012  100360    2    0    1   49   53
 1013  100523    1    0    0   61    0
 1014  100605    2    0    0   49    0
 1015  100632    2    0    1   56   58
 1016  100878    2    0    0   56    0
 1017  100905    2    0    1   49   55
 1018  101151    2    0    0   49    0
 1019  101178    2    0    1   56   80
 1020  101423    2    0    0   56    0
 1021  101450    1    0    1   73   67
 1022  101451    2    0    1   49   80
 1023  101573    1    0    0   73    0
 1024  101587    1    0    1   75   67
 1025  101696    2    0    0   49    0
 1026  101709    1    0    0   75    0
 1027  101723    1    0    1   68   67
 1028  101723    2    0    1   37   63
 1029  101723    1    0    1   77   67
 1030  101969    1    0    0   77    0
 1031  101969    2    0    0   37    0
 1032  101969    1    0    0   68    0
 1033  101996    1    0    1   75   67
 1034  101996    2    0    1   44   63
 1035  102241    1    0    0   75    0
 1036  102241    2    0    0   44    0
 1037  102269    1    0    1   73   67
 1038  102269    2    0    1   49   63
 1039  102514    1    0    0   73    0
 1040  102514    2    0    0   49    0
 1041  102541    1    0    1   72   67
 1042  102541    2    0    1   41   56
 1043  102541    1    0    1   80   67
 1044  102787    2    0    0   41    0
 1045  102814    2    0    1   49   63
 1046  103059    1    0    0   72    0
 1047  103059    1    0    0   80    0
 1048  103060    2    0    0   49    0
 1049  103087    1    0    1   73   67
 1050  103087    2    0    1   53   63
 1051  103523    2    0    0   53    0
 1052  103578    1    0    0   73    0
 1053  103632    1    0    1   73   56
 1054  103632    1    0    1   70   56
 1055  103632    1    0    1   66   56
 1056  103632    2    0    1   42   63
 1057  103878    1    0    0   66    0
 1058  103878    1    0    0   73    0
 1059  103878    1    0    0   70    0
 1060  104151    2    0    0   42    0
 1061  104178    1    0    1   85   59
 1062  104178    2    0    1   49   63
 1063  104415    1    0    0   85    0
 1064  104416    1    0    1   85   59
 1065  104423    2    0    0   49    0
 1066  104423    1    0    0   85    0
 1067  104450    1    0    1   87   59
 1068  104451    2    0    1   56   63
 1069  104696    2    0    0   56    0
 1070  104696    1    0    0   87    0
 1071  104723    2    0    1   49   63
 1072  104723    1    0    1   85   59
 1073  104969    2    0    0   49    0
 1074  104969    1    0    0   85    0
 1075  104996    2    0    1   54   63
 1076  104996    1    0    1   94   59
 1077  104996    1    0    1   82   59
 1078  105241    2    0    0   54    0
 1079  105241    1    0    0   82    0
 1080  105241    1    0    0   94    0
 1081  105269    2    0    1   49   63
 1082  105269    1    0    1   92   59
 1083  105269    1    0    1   80   80
 1084  105514    2    0    0   49    0
 1085  105514    1    0    0   80    0
 1086  105514    1    0    0   92    0
 1087  105541    2    0    1   56   63
 1088  105787    2    0    0   56    0
 1089  105814    2    0    1   49   63
 1090  105814    1    0    1   73   67
 1091  105937    1    0    0   73    0
 1092  105950    1    0    1   75   67
 1093  106060    2    0    0   49    0
 1094  106073    1    0    0   75    0
 1095  106087    2    0    1   37   63
 1096  106087    1    0    1   77   67
 1097  106087    1    0    1   68   67
 1098  106332    2    0    0   37    0
 1099  106332    1    0    0   68    0
 1100  106332    1    0    0   77    0
 1101  106359    1    0    1   75   67
 1102  106360    2    0    1   44   63
 1103  106605    2    0    0   44    0
 1104  106605    1    0    0   75    0
 1105  106632    2    0    1   49   63
 1106  106632    1    0    1   73   67
 1107  106878    2    0    0   49    0
 1108  106878    1    0    0   73    0
 1109  106905    2    0    1   41   56
 1110  106905    1    0    1   80   67
 1111  106905    1    0    1   72   67
 1112  107151    2    0    0   41    0
 1113  107178    2    0    1   49   63
 1114  107423    2    0    0   49    0
 1115  107423    1    0    0   72    0
 1116  107423    1    0    0   80    0
 1117  107450    1    0    1   73   67
 1118  107451    2    0    1   53   63
 1119  107887    2    0    0   53    0
 1120  107941    1    0    0   73    0
 1121  107996    1    0    1   66   55
 1122  107996    1    0    1   73   55
 1123  107996    2    0    1   42   63
 1124  107996    1    0    1   70   55
 1125  108241    1    0    0   70    0
 1126  108241    1    0    0   66    0
 1127  108241    1    0    0   73    0
 1128  108514    2    0    0   42    0
 1129  108541    2    0    1   49   63
 1130  108541    1    0    1   85   59
 1131  108779    1    0    0   85    0
 1132  108780    1    0    1   85   59
 1133  108787    1    0    0   85    0
 1134  108787    2    0    0   49    0
 1135  108814    1    0    1   87   59
 1136  108814    2    0    1   56   63
 1137  109059    1    0    0   87    0
 1138  109060    2    0    0   56    0
 1139  109087    1    0    1   85   59
 1140  109087    2    0    1   49   63
 1141  109332    1    0    0   85    0
 1142  109332    2    0    0   49    0
 1143  109359    1    0    1   94   59
 1144  109359    1    0    1   82   59
 1145  109360    2    0    1   54   63
 1146  109605    1    0    0   82    0
 1147  109605    1    0    0   94    0
 1148  109605    2    0    0   54    0
 1149  109632    1    0    1   92   59
 1150  109632    1    0    1   80   80
 1151  109632    2    0    1   49   63
 1152  109878    1    0    0   80    0
 1153  109878    1    0    0   92    0
 1154  109878    2    0    0   49    0
 1155  109905    2    0    1   56   63
 1156  110151    2    0    0   56    0
 1157  110178    1    0    1   73   67
 1158  110178    2    0    1   49   63
 1159  110300    1    0    0   73    0
 1160  110314    1    0    1   75   67
 1161  110423    2    0    0   49    0
 1162  110437    1    0    0   75    0
 1163  110450    1    0    1   77   67
 1164  110450    1    0    1   68   67
 1165  110451    2    0    1   37   63
 1166  110696    1    0    0   68    0
 1167  110696    1    0    0   77    0
 1168  110696    2    0    0   37    0
 1169  110723    1    0    1   75   67
 1170  110723    2    0    1   44   63
 1171  110969    1    0    0   75    0
 1172  110969    2    0    0   44    0
 1173  110996    1    0    1   73   67
 1174  110996    2    0    1   49   63
 1175  111241    1    0    0   73    0
 1176  111241    2    0    0   49    0
 1177  111269    1    0    1   80   67
 1178  111269    1    0    1   72   67
 1179  111269    2    0    1   41   56
 1180  111514    2    0    0   41    0
 1181  111541    2    0    1   49   63
 1182  111787    1    0    0   72    0
 1183  111787    1    0    0   80    0
 1184  111787    2    0    0   49    0
 1185  111814    1    0    1   73   67
 1186  111814    2    0    1   53   63
 1187  112251    2    0    0   53    0
 1188  112305    1    0    0   73    0
 1189  112359    1    0    1   66   53
 1190  112359    1    0    1   73   53
 1191  112359    1    0    1   70   53
 1192  112360    2    0    1   42   63
 1193  112605    1    0    0   73    0
 1194  112605    1    0    0   70    0
 1195  112605    1    0    0   66    0
 1196  112878    2    0    0   42    0
 1197  112905    1    0    1   85   59
 1198  112905    2    0    1   49   61
 1199  113143    1    0    0   85    0
 1200  113144    1    0    1   85   59
 1201  113150    1    0    0   85    0
 1202  113151    2    0    0   49    0
 1203  113178    2    0    1   56   61
 1204  113178    1    0    1   87   59
 1205  113423    2    0    0   56    0
 1206  113423    1    0    0   87    0
 1207  113450    1    0    1   85   59
 1208  113451    2    0    1   49   61
 1209  113696    2    0    0   49    0
 1210  113696    1    0    0   85    0
 1211  113723    1    0    1   82   59
 1212  113723    2    0    1   54   61
 1213  113723    1    0    1   94   59
 1214  113969    1    0    0   94    0
 1215  113969    2    0    0   54    0
 1216  113969    1    0    0   82    0
 1217  113996    1    0    1   80   80
 1218  113996    2    0    1   49   56
 1219  113996    1    0    1   92   59
 1220  114241    1    0    0   92    0
 1221  114241    2    0    0   49    0
 1222  114241    1    0    0   80    0
 1223  114269    2    0    1   56   61
 1224  114514    2    0    0   56    0
 1225  114541    2    0    1   49   56
 1226  114541    1    0    1   73   62
 1227  114664    1    0    0   73    0
 1228  114678    1    0    1   75   62
 1229  114787    2    0    0   49    0
 1230  114800    1    0    0   75    0
 1231  114814    1    0    1   68   62
 1232  114814    2    0    1   37   63
 1233  114814    1    0    1   77   62
 1234  115059    1    0    0   77    0
 1235  115059    1    0    0   68    0
 1236  115060    2    0    0   37    0
 1237  115087    2    0    1   44   63
 1238  115087    1    0    1   75   61
 1239  115332    2    0    0   44    0
 1240  115332    1    0    0   75    0
 1241  115359    1    0    1   73   61
 1242  115360    2    0    1   49   63
 1243  115605    2    0    0   49    0
 1244  115605    1    0    0   73    0
 1245  115632    1    0    1   72   60
 1246  115632    2    0    1   41   56
 1247  115632    1    0    1   80   60
 1248  115878    2    0    0   41    0
 1249  115905    2    0    1   49   63
 1250  116150    1    0    0   80    0
 1251  116150    1    0    0   72    0
 1252  116151    2    0    0   49    0
 1253  116178    1    0    1   68   59
 1254  116178    2    0    1   53   63
 1255  116178    1    0    1   73   59
 1256  116614    2    0    0   53    0
 1257  116669    1    0    0   68    0
 1258  116669    1    0    0   73    0
 1259  116723    2    0    1   42   63
 1260  116723    1    0    1   68   53
 1261  116723    1    0    1   70   80
 1262  116723    1    0    1   73   53
 1263  117241    2    0    0   42    0
 1264  117241    1    0    0   70    0
 1265  117241    1    0    0   73    0
 1266  117241    1    0    0   68    0
 1267  117269    2    0    1   49   40
 1268  117269    1    0    1   61   51
 1269  117514    2    0    0   49    0
 1270  117514    1    0    0   61    0
 1271  117541    2    0    1   56   40
 1272  117541    1    0    1   68   51
 1273  117787    1    0    0   68    0
 1274  117814    1    0    1   63   51
 1275  118332    1    0    0   63    0
 1276  118359    1    0    1   61   50
 1277  118605    1    0    0   61    0
 1278  118632    1    0    1   68   50
 1279  118878    1    0    0   68    0
 1280  118905    1    0    1   63   48
 1281  119423    1    0    0   63    0
 1282  119450    1    0    1   61   46
 1283  119696    1    0    0   61    0
 1284  119723    1    0    1   68   45
 1285  119969    1    0    0   68    0
 1286  119996    1    0    1   63   45
 1287  120514    1    0    0   63    0
 1288  120541    1    0    1   73   50
 1289  120787    1    0    0   73    0
 1290  120814    1    0    1   75   54
 1291  121059    1    0    0   75    0
 1292  121087    1    0    1   73   60
 1293  121141    2    0    0   56    0
 1294  121325    1    0    1   75   57
 1295  121332    1    0    0   73    0
 1296  121357    1    0    0   75    0
 1297  121359    1    0    1   68   57
 1298  121359    1    0    1   77   57
 1299  121360    2    0    1   49   49
 1300  121605    2    0    0   49    0
 1301  121632    2    0    1   56   49
 1302  121878    2    0    0   56    0
 1303  121903    1    0    0   68    0
 1304  121903    1    0    0   77    0
 1305  121905    2    0    1   61   49
 1306  121905    1    0    1   80   57
 1307  122150    1    0    0   80    0
 1308  122151    2    0    0   61    0
 1309  122178    2    0    1   53   49
 1310  122178    1    0    1   72   57
 1311  122423    2    0    0   53    0
 1312  122451    2    0    1   61   49
 1313  122669    1    0    0   72    0
 1314  122723    1    0    1   73   57
 1315  122941    2    0    0   61    0
 1316  122996    2    0    1   65   49
 1317  123214    1    0    0   73    0
 1318  123269    1    0    1   73   57
 1319  123269    1    0    1   68   57
 1320  123487    2    0    0   65    0
 1321  123541    2    0    1   54   49
 1322  123832    2    0    0   54    0
 1323  123864    2    0    1   61   49
 1324  124154    2    0    0   61    0
 1325  124187    2    0    1   66   49
 1326  124477    2    0    0   66    0
 1327  124508    2    0    0   68    0
 1328  124509    2    0    1   68   49
 1329  124703    1    0    0   68    0
 1330  124703    1    0    0   73    0
 1331  125154    1    0    1   73   57
 1332  125435    1    0    0   73    0
 1333  125436    1    0    1   73   57
 1334  125444    1    0    0   73    0
 1335  125477    1    0    1   75   57
 1336  125767    1    0    0   75    0
 1337  125799    1    0    1   73   57
 1338  126082    1    0    1   75   57
 1339  126090    1    0    0   73    0
 1340  126122    1    0    1   77   57
 1341  126122    1    0    1   68   57
 1342  126122    2    0    1   49   49
 1343  126149    1    0    0   75    0
 1344  126368    2    0    0   49    0
 1345  126395    2    0    1   56   49
 1346  126613    1    0    0   77    0
 1347  126613    1    0    0   68    0
 1348  126640    2    0    0   56    0
 1349  126667    1    0    1   73   57
 1350  126667    1    0    1   80   57
 1351  126668    2    0    1   61   49
 1352  126913    1    0    0   73    0
 1353  126913    1    0    0   80    0
 1354  126913    2    0    0   61    0
 1355  126940    1    0    1   84   57
 1356  126940    1    0    1   75   57
 1357  126940    2    0    1   53   49
 1358  127186    2    0    0   53    0
 1359  127213    2    0    1   56   49
 1360  127458    1    0    0   84    0
 1361  127458    1    0    0   75    0
 1362  127486    1    0    1   85   57
 1363  127486    1    0    1   77   57
 1364  127646    2    0    0   56    0
 1365  127731    1    0    0   77    0
 1366  127731    1    0    0   85    0
 1367  127758    1    0    1   80   57
 1368  127758    1    0    1   73   57
 1369  127758    2    0    1   61   49
 1370  127962    1    0    0   80    0
 1371  127963    1    0    1   80   80
 1372  128004    1    0    0   73    0
 1373  128004    1    0    0   80    0
 1374  128031    1    0    1   73   57
 1375  128031    1    0    1   82   57
 1376  128191    2    0    0   61    0
 1377  128304    2    0    1   54   49
 1378  128574    1    0    0   82    0
 1379  128574    2    0    0   54    0
 1380  128574    1    0    0   73    0
 1381  128604    1    0    1   80   57
 1382  128604    2    0    1   61   49
 1383  128874    2    0    0   61    0
 1384  128904    2    0    1   68   49
 1385  129144    1    0    0   80    0
 1386  129204    1    0    1   73   57
 1387  129774    1    0    0   73    0
 1388  129804    1    0    1   73   57
 1389  130065    1    0    0   73    0
 1390  130066    1    0    1   73   57
 1391  130074    1    0    0   73    0
 1392  130104    1    0    1   75   57
 1393  130374    1    0    0   75    0
 1394  130404    1    0    1   73   57
 1395  130666    1    0    1   75   57
 1396  130674    1    0    0   73    0
 1397  130701    1    0    0   75    0
 1398  130703    1    0    0   68    0
 1399  130704    1    0    1   68   57
 1400  130704    1    0    1   77   57
 1401  130704    2    0    1   49   49
 1402  130705    2    0    0   68    0
 1403  130949    2    0    0   49    0
 1404  130977    2    0    1   56   49
 1405  131222    2    0    0   56    0
 1406  131247    1    0    0   77    0
 1407  131249    1    0    1   80   57
 1408  131249    2    0    1   61   49
 1409  131495    1    0    0   80    0
 1410  131495    2    0    0   61    0
 1411  131522    1    0    1   72   57
 1412  131522    2    0    1   53   49
 1413  131768    2    0    0   53    0
 1414  131795    2    0    1   61   49
 1415  132013    1    0    0   72    0
 1416  132067    1    0    1   73   57
 1417  132286    2    0    0   61    0
 1418  132340    2    0    1   65   49
 1419  132558    1    0    0   73    0
 1420  132613    1    0    1   68   57
 1421  132613    1    0    1   73   57
 1422  132831    2    0    0   65    0
 1423  132886    2    0    1   54   49
 1424  133156    2    0    0   54    0
 1425  133186    2    0    1   61   49
 1426  133365    1    0    0   68    0
 1427  133365    1    0    0   73    0
 1428  133485    1    0    1   66   57
 1429  133755    1    0    0   66    0
 1430  133785    1    0    1   68   57
 1431  134355    1    0    0   68    0
 1432  134385    1    0    1   73   57
 1433  134647    1    0    0   73    0
 1434  134648    1    0    1   73   57
 1435  134655    1    0    0   73    0
 1436  134685    1    0    1   75   57
 1437  134955    1    0    0   75    0
 1438  134985    1    0    1   73   57
 1439  135166    2    0    0   61    0
 1440  135248    1    0    1   75   57
 1441  135255    1    0    0   73    0
 1442  135285    1    0    1   68   57
 1443  135285    1    0    1   77   57
 1444  135286    2    0    1   49   49
 1445  135313    1    0    0   75    0
 1446  135531    2    0    0   49    0
 1447  135558    2    0    1   56   49
 1448  135776    1    0    0   77    0
 1449  135776    1    0    0   68    0
 1450  135804    2    0    0   56    0
 1451  135831    1    0    1   73   57
 1452  135831    2    0    1   61   49
 1453  135831    1    0    1   80   57
 1454  136076    1    0    0   80    0
 1455  136076    1    0    0   73    0
 1456  136077    2    0    0   61    0
 1457  136104    1    0    1   75   57
 1458  136104    2    0    1   53   49
 1459  136104    1    0    1   84   57
 1460  136349    2    0    0   53    0
 1461  136377    2    0    1   56   49
 1462  136646    1    0    0   84    0
 1463  136646    1    0    0   75    0
 1464  136676    1    0    1   85   57
 1465  136676    1    0    1   77   57
 1466  136857    2    0    0   56    0
 1467  136946    1    0    0   77    0
 1468  136946    1    0    0   85    0
 1469  136976    1    0    1   73   57
 1470  136976    1    0    1   80   57
 1471  136977    2    0    1   61   49
 1472  137200    1    0    0   80    0
 1473  137201    1    0    1   80   80
 1474  137246    1    0    0   73    0
 1475  137246    1    0    0   80    0
 1476  137276    1    0    1   73   57
 1477  137276    1    0    1   82   57
 1478  137457    2    0    0   61    0
 1479  137577    2    0    1   54   49
 1480  137876    1    0    0   73    0
 1481  137876    1    0    0   82    0
 1482  137877    2    0    0   54    0
 1483  137910    1    0    1   80   57
 1484  137910    2    0    1   61   49
 1485  138176    1    0    0   80    0
 1486  138243    1    0    1   68   57
 1487  138543    1    0    0   68    0
 1488  138576    1    0    1   73   57
 1489  138876    1    0    0   73    0
 1490  139576    1    0    1   82   57
 1491  139876    1    0    0   82    0
 1492  139910    1    0    1   84   57
 1493  140110    2    0    0   61    0
 1494  140210    1    0    0   84    0
 1495  140243    2    0    1   58   49
 1496  140243    1    0    1   85   57
 1497  140243    1    0    1   77   57
 1498  140500    2    0    0   58    0
 1499  140529    2    0    1   65   49
 1500  140757    1    0    0   77    0
 1501  140757    1    0    0   85    0
 1502  140814    1    0    1   73   57
 1503  141071    1    0    0   73    0
 1504  141100    1    0    1   75   57
 1505  141100    1    0    1   84   57
 1506  141643    1    0    0   75    0
 1507  141643    1    0    0   84    0
 1508  141671    1    0    1   72   57
 1509  141671    1    0    1   80   57
 1510  142186    1    0    0   72    0
 1511  142186    1    0    0   80    0
 1512  142207    1    0    1   80   57
 1513  142243    1    0    1   73   57
 1514  142243    1    0    1   82   57
 1515  142271    1    0    0   80    0
 1516  142529    2    0    0   65    0
 1517  142529    2    0    1   54   49
 1518  142786    2    0    0   54    0
 1519  142786    1    0    0   73    0
 1520  142786    1    0    0   82    0
 1521  142814    1    0    1   80   57
 1522  142815    2    0    1   61   49
 1523  143072    2    0    0   61    0
 1524  143100    2    0    1   68   49
 1525  143329    1    0    0   80    0
 1526  143386    1    0    1   73   57
 1527  143900    1    0    0   73    0
 1528  143957    1    0    1   75   57
 1529  144456    1    0    0   75    0
 1530  144457    1    0    1   75   80
 1531  144471    1    0    0   75    0
 1532  144528    1    0    0   68    0
 1533  144529    1    0    1   68   57
 1534  144529    1    0    1   77   57
 1535  144815    2    0    0   68    0
 1536  144815    2    0    1   49   49
 1537  145060    1    0    0   77    0
 1538  145060    2    0    0   49    0
 1539  145087    1    0    1   68   57
 1540  145087    2    0    1   56   49
 1541  145333    1    0    0   68    0
 1542  145333    2    0    0   56    0
 1543  145360    1    0    1   80   57
 1544  145360    2    0    1   61   49
 1545  145605    1    0    0   80    0
 1546  145633    1    0    1   75   57
 1547  145851    2    0    0   61    0
 1548  145906    2    0    1   48   49
 1549  146151    1    0    0   75    0
 1550  146151    2    0    0   48    0
 1551  146178    1    0    1   68   57
 1552  146178    2    0    1   56   49
 1553  146423    1    0    0   68    0
 1554  146424    2    0    0   56    0
 1555  146451    1    0    1   80   57
 1556  146451    2    0    1   60   49
 1557  146696    1    0    0   80    0
 1558  146723    1    0    1   78   57
 1559  146942    2    0    0   60    0
 1560  146997    2    0    1   46   49
 1561  147242    1    0    0   78    0
 1562  147242    2    0    0   46    0
 1563  147269    1    0    1   77   57
 1564  147269    2    0    1   53   49
 1565  147514    1    0    0   77    0
 1566  147542    1    0    1   75   57
 1567  147787    1    0    0   75    0
 1568  147814    1    0    1   73   57
 1569  148060    1    0    0   73    0
 1570  148633    1    0    1   73   57
 1571  148633    1    0    1   82   57
 1572  148878    1    0    0   73    0
 1573  148878    1    0    0   82    0
 1574  148905    1    0    1   75   57
 1575  148905    1    0    1   84   57
 1576  149069    2    0    0   53    0
 1577  149151    1    0    0   84    0
 1578  149151    1    0    0   75    0
 1579  149178    1    0    1   78   57
 1580  149178    2    0    1   54   49
 1581  149178    1    0    1   85   57
 1582  149424    2    0    0   54    0
 1583  149451    2    0    1   61   49
 1584  149697    2    0    0   61    0
 1585  149724    2    0    1   68   49
 1586  149996    1    0    1   75   57
 1587  149996    1    0    0   85    0
 1588  149996    1    0    0   78    0
 1589  149996    1    0    1   84   57
 1590  150433    1    0    0   75    0
 1591  150433    1    0    0   84    0
 1592  150542    1    0    1   72   57
 1593  150542    1    0    1   80   57
 1594  151033    1    0    0   72    0
 1595  151033    1    0    0   80    0
 1596  151053    1    0    1   80   57
 1597  151087    1    0    1   73   57
 1598  151087    1    0    1   82   57
 1599  151114    1    0    0   80    0
 1600  151360    2    0    0   68    0
 1601  151360    2    0    1   53   49
 1602  151605    1    0    0   73    0
 1603  151605    1    0    0   82    0
 1604  151606    2    0    0   53    0
 1605  151633    1    0    1   80   57
 1606  151633    2    0    1   61   49
 1607  151878    2    0    0   61    0
 1608  151906    2    0    1   65   49
 1609  152123    1    0    0   80    0
 1610  152178    1    0    1   73   57
 1611  152669    1    0    0   73    0
 1612  152723    1    0    1   75   57
 1613  153357    1    0    1   63   57
 1614  153419    1    0    1   68   57
 1615  153419    1    0    0   63    0
 1616  153480    1    0    1   70   57
 1617  153480    1    0    0   68    0
 1618  153541    1    0    0   75    0
 1619  153542    1    0    0   70    0
 1620  153542    2    0    0   65    0
 1621  153542    2    0    1   51   49
 1622  153542    1    0    1   75   57
 1623  153543    1    0    0   75    0
 1624  153787    2    0    0   51    0
 1625  153815    2    0    1   58   49
 1626  154060    2    0    0   58    0
 1627  154087    2    0    1   61   49
 1628  154360    1    0    1   66   57
 1629  154524    2    0    0   61    0
 1630  154633    2    0    1   63   49
 1631  154796    1    0    0   66    0
 1632  154905    1    0    1   68   57
 1633  155069    2    0    0   63    0
 1634  155178    2    0    1   61   49
 1635  155396    1    0    0   68    0
 1636  155451    1    0    1   70   57
 1637  155615    2    0    0   61    0
 1638  155969    1    0    0   70    0
 1639  155996    1    0    1   73   53
 1640  156487    1    0    0   73    0
 1641  156542    1    0    1   75   58
 1642  157796    1    0    0   75    0
 1643  157905    1    0    1   65   64
 1644  157905    1    0    1   73   64
 1645  157906    2    0    1   46   54
 1646  158151    2    0    0   46    0
 1647  158178    2    0    1   53   54
 1648  158424    2    0    0   53    0
 1649  158451    2    0    1   61   54
 1650  158723    1    0    1   72   64
 1651  158723    1    0    1   63   64
 1652  158723    1    0    0   73    0
 1653  158723    1    0    0   65    0
 1654  159242    2    0    0   61    0
 1655  159242    1    0    0   63    0
 1656  159242    1    0    0   72    0
 1657  159269    1    0    1   70   64
 1658  159760    1    0    0   70    0
 1659  159814    1    0    1   68   64
 1660  160087    2    0    1   48   54
 1661  160357    2    0    0   48    0
 1662  160357    1    0    0   68    0
 1663  160387    2    0    1   56   54
 1664  160387    1    0    1   63   64
 1665  160657    2    0    0   56    0
 1666  160687    2    0    1   60   54
 1667  160927    1    0    0   63    0
 1668  160987    1    0    1   75   64
 1669  161467    1    0    0   75    0
 1670  161587    1    0    1   68   64
 1671  162487    1    0    1   77   64
 1672  162487    2    0    0   60    0
 1673  162487    2    0    1   49   54
 1674  162487    1    0    0   68    0
 1675  162488    1    0    1   68   64
 1676  162733    2    0    0   49    0
 1677  162760    2    0    1   56   54
 1678  162978    1    0    0   77    0
 1679  162978    1    0    0   68    0
 1680  163006    2    0    0   56    0
 1681  163032    1    0    1   78   64
 1682  163033    2    0    1   61   54
 1683  163278    2    0    0   61    0
 1684  163278    1    0    0   78    0
 1685  163305    1    0    1   68   80
 1686  163305    1    0    1   77   64
 1687  163578    2    0    1   48   54
 1688  163823    1    0    0   77    0
 1689  163823    1    0    0   68    0
 1690  163824    2    0    0   48    0
 1691  163851    2    0    1   56   54
 1692  163851    1    0    1   75   64
 1693  164069    2    0    0   56    0
 1694  164124    2    0    1   60   54
 1695  164341    1    0    0   75    0
 1696  164396    1    0    1   73   64
 1697  164560    2    0    0   60    0
 1698  164669    2    0    1   46   54
 1699  164914    1    0    0   73    0
 1700  164915    2    0    0   46    0
 1701  164941    1    0    1   65   64
 1702  164942    2    0    1   53   54
 1703  165160    1    0    0   65    0
 1704  165187    2    0    0   53    0
 1705  165214    1    0    1   70   80
 1706  165215    2    0    1   61   54
 1707  165460    1    0    0   70    0
 1708  165487    1    0    1   73   64
 1709  165706    2    0    0   61    0
 1710  165760    2    0    1   44   54
 1711  166005    1    0    0   73    0
 1712  166006    2    0    0   44    0
 1713  166032    1    0    1   65   64
 1714  166033    2    0    1   53   54
 1715  166251    2    0    0   53    0
 1716  166251    1    0    0   65    0
 1717  166305    1    0    1   68   80
 1718  166306    2    0    1   63   54
 1719  166551    1    0    0   68    0
 1720  166578    1    0    1   70   64
 1721  166742    2    0    0   63    0
 1722  166851    2    0    1   43   54
 1723  167096    2    0    0   43    0
 1724  167124    2    0    1   51   54
 1725  167369    2    0    0   51    0
 1726  167396    2    0    1   53   54
 1727  167642    2    0    0   53    0
 1728  167669    2    0    1   58   54
 1729  168187    1    0    0   70    0
 1730  168214    1    0    1   65   64
 1731  168705    1    0    0   65    0
 1732  168760    1    0    1   63   64
 1733  168924    2    0    0   58    0
 1734  169033    2    0    1   42   54
 1735  169278    2    0    0   42    0
 1736  169306    2    0    1   51   54
 1737  169551    2    0    0   51    0
 1738  169578    2    0    1   53   54
 1739  169824    2    0    0   53    0
 1740  169851    2    0    1   58   54
 1741  170014    1    0    0   63    0
 1742  170396    1    0    1   70   64
 1743  170641    1    0    0   70    0
 1744  170669    1    0    1   72   64
 1745  170914    1    0    0   72    0
 1746  170941    1    0    1   68   64
 1747  171106    2    0    0   58    0
 1748  171215    2    0    1   41   54
 1749  171460    2    0    0   41    0
 1750  171487    2    0    1   44   54
 1751  171733    2    0    0   44    0
 1752  171760    2    0    1   53   54
 1753  172006    2    0    0   53    0
 1754  172032    1    0    1   60   63
 1755  172032    1    0    0   68    0
 1756  172033    2    0    1   56   54
 1757  172469    1    0    0   60    0
 1758  172578    1    0    1   63   63
 1759  173069    1    0    0   63    0
 1760  173123    1    0    1   61   63
 1761  173287    2    0    0   56    0
 1762  173396    2    0    1   46   54
 1763  173641    1    0    0   61    0
 1764  173642    2    0    0   46    0
 1765  173669    2    0    1   53   54
 1766  173669    1    0    1   73   63
 1767  173669    1    0    1   65   63
 1768  173915    2    0    0   53    0
 1769  173942    2    0    1   56   54
 1770  174160    1    0    0   73    0
 1771  174160    1    0    0   65    0
 1772  174214    1    0    1   72   63
 1773  174214    1    0    1   63   63
 1774  174705    1    0    0   72    0
 1775  174705    1    0    0   63    0
 1776  174760    1    0    1   60   63
 1777  174760    1    0    1   68   63
 1778  174924    2    0    0   56    0
 1779  175033    2    0    1   46   54
 1780  175524    2    0    0   46    0
 1781  175578    2    0    1   39   54
 1782  175578    1    0    1   66   51
 1783  175578    1    0    0   60    0
 1784  175578    1    0    0   68    0
 1785  175578    1    0    1   58   51
 1786  175578    1    0    1   61   51
 1787  175824    2    0    0   39    0
 1788  175851    2    0    1   46   54
 1789  176069    1    0    0   66    0
 1790  176069    1    0    0   58    0
 1791  176069    1    0    0   61    0
 1792  176096    2    0    0   46    0
 1793  176123    1    0    1   65   63
 1794  176124    2    0    1   54   54
 1795  176369    1    0    0   65    0
 1796  176396    1    0    1   61   63
 1797  176914    1    0    0   61    0
 1798  176941    1    0    1   58   63
 1799  177759    1    0    0   54    0
 1800  177760    1    0    1   54   52
 1801  177760    1    0    0   58    0
 1802  177760    2    0    1   44   54
 1803  177761    2    0    0   54    0
 1804  177828    1    0    1   58   53
 1805  177896    1    0    1   61   55
 1806  177964    1    0    1   65   56
 1807  178701    1    0    0   58    0
 1808  178769    1    0    0   61    0
 1809  178837    1    0    0   65    0
 1810  178851    1    0    1   66   59
 1811  179832    1    0    0   66    0
 1812  179941    1    0    1   70   58
 1813  180923    1    0    0   70    0
 1814  180924    2    0    0   44    0
 1815  181032    1    0    1   68   49
 1816  181278    1    0    0   68    0
 1817  181305    1    0    1   73   53
 1818  181509    1    0    0   73    0
 1819  181510    1    0    1   73   80
 1820  181551    1    0    0   73    0
 1821  181578    1    0    1   75   56
 1822  181823    1    0    0   75    0
 1823  181851    1    0    1   73   60
 1824  182089    1    0    1   75   60
 1825  182096    1    0    0   73    0
 1826  182123    1    0    1   68   60
 1827  182123    1    0    1   77   60
 1828  182124    2    0    1   37   54
 1829  182151    1    0    0   75    0
 1830  182369    2    0    0   37    0
 1831  182396    2    0    1   44   54
 1832  182614    1    0    0   77    0
 1833  182614    1    0    0   68    0
 1834  182642    2    0    0   44    0
 1835  182669    2    0    1   49   54
 1836  182669    1    0    1   80   63
 1837  182914    1    0    0   80    0
 1838  182915    2    0    0   49    0
 1839  182941    1    0    1   72   63
 1840  182942    2    0    1   41   54
 1841  183187    2    0    0   41    0
 1842  183215    2    0    1   49   54
 1843  183433    2    0    0   49    0
 1844  183460    1    0    0   72    0
 1845  183487    2    0    1   53   80
 1846  183487    1    0    1   73   63
 1847  183924    2    0    0   53    0
 1848  183978    1    0    0   73    0
 1849  184032    1    0    1   73   80
 1850  184032    1    0    1   70   80
 1851  184032    1    0    1   68   80
 1852  184033    2    0    1   42   54
 1853  184278    1    0    0   70    0
 1854  184278    1    0    0   68    0
 1855  184278    1    0    0   73    0
 1856  184551    2    0    0   42    0
 1857  184578    2    0    1   49   54
 1858  184578    1    0    1   85   63
 1859  184815    1    0    0   85    0
 1860  184816    1    0    1   85   63
 1861  184823    1    0    0   85    0
 1862  184824    2    0    0   49    0
 1863  184851    1    0    1   87   63
 1864  184851    2    0    1   56   54
 1865  185096    1    0    0   87    0
 1866  185096    2    0    0   56    0
 1867  185123    1    0    1   85   63
 1868  185124    2    0    1   49   54
 1869  185369    1    0    0   85    0
 1870  185369    2    0    0   49    0
 1871  185396    2    0    1   54   54
 1872  185396    1    0    1   94   63
 1873  185396    1    0    1   82   63
 1874  185641    1    0    0   82    0
 1875  185641    1    0    0   94    0
 1876  185642    2    0    0   54    0
 1877  185669    2    0    1   49   54
 1878  185669    1    0    1   92   63
 1879  185669    1    0    1   80   80
 1880  185914    1    0    0   80    0
 1881  185914    1    0    0   92    0
 1882  185915    2    0    0   49    0
 1883  185942    2    0    1   56   54
 1884  186187    2    0    0   56    0
 1885  186214    1    0    1   73   63
 1886  186215    2    0    1   49   54
 1887  186337    1    0    0   73    0
 1888  186351    1    0    1   75   63
 1889  186460    2    0    0   49    0
 1890  186473    1    0    0   75    0
 1891  186487    2    0    1   37   54
 1892  186487    1    0    1   77   63
 1893  186487    1    0    1   68   63
 1894  186732    1    0    0   68    0
 1895  186732    1    0    0   77    0
 1896  186733    2    0    0   37    0
 1897  186760    1    0    1   75   63
 1898  186760    2    0    1   44   54
 1899  187005    1    0    0   75    0
 1900  187006    2    0    0   44    0
 1901  187032    1    0    1   73   63
 1902  187033    2    0    1   49   54
 1903  187278    1    0    0   73    0
 1904  187278    2    0    0   49    0
 1905  187305    1    0    1   80   63
 1906  187305    1    0    1   72   63
 1907  187306    2    0    1   41   54
 1908  187551    2    0    0   41    0
 1909  187578    2    0    1   49   54
 1910  187796    2    0    0   49    0
 1911  187823    1    0    0   80    0
 1912  187823    1    0    0   72    0
 1913  187851    1    0    1   73   63
 1914  187851    2    0    1   53   80
 1915  188287    2    0    0   53    0
 1916  188341    1    0    0   73    0
 1917  188396    1    0    1   73   63
 1918  188396    1    0    1   70   63
 1919  188396    1    0    1   68   63
 1920  188396    2    0    1   42   54
 1921  188641    1    0    0   73    0
 1922  188641    1    0    0   70    0
 1923  188641    1    0    0   68    0
 1924  188915    2    0    0   42    0
 1925  188941    1    0    1   85   63
 1926  188942    2    0    1   49   54
 1927  189179    1    0    0   85    0
 1928  189180    1    0    1   85   63
 1929  189187    2    0    0   49    0
 1930  189187    1    0    0   85    0
 1931  189214    1    0    1   87   63
 1932  189215    2    0    1   56   54
 1933  189460    2    0    0   56    0
 1934  189460    1    0    0   87    0
 1935  189487    2    0    1   49   54
 1936  189487    1    0    1   85   63
 1937  189732    1    0    0   85    0
 1938  189733    2    0    0   49    0
 1939  189760    1    0    1   94   63
 1940  189760    1    0    1   82   63
 1941  189760    2    0    1   54   54
 1942  190005    1    0    0   94    0
 1943  190005    1    0    0   82    0
 1944  190006    2    0    0   54    0
 1945  190032    1    0    1   80   80
 1946  190032    1    0    1   92   63
 1947  190033    2    0    1   49   54
 1948  190278    1    0    0   80    0
 1949  190278    1    0    0   92    0
 1950  190278    2    0    0   49    0
 1951  190306    2    0    1   56   54
 1952  190551    2    0    0   56    0
 1953  190578    2    0    1   49   54
 1954  190578    1    0    1   73   63
 1955  190701    1    0    0   73    0
 1956  190714    1    0    1   75   63
 1957  190824    2    0    0   49    0
 1958  190837    1    0    0   75    0
 1959  190851    1    0    1   77   63
 1960  190851    1    0    1   68   63
 1961  190851    2    0    1   37   54
 1962  191096    1    0    0   68    0
 1963  191096    1    0    0   77    0
 1964  191096    2    0    0   37    0
 1965  191123    1    0    1   75   63
 1966  191124    2    0    1   44   54
 1967  191369    2    0    0   44    0
 1968  191369    1    0    0   75    0
 1969  191396    2    0    1   49   54
 1970  191396    1    0    1   73   63
 1971  191641    1    0    0   73    0
 1972  191642    2    0    0   49    0
 1973  191669    1    0    1   80   63
 1974  191669    1    0    1   72   63
 1975  191669    2    0    1   41   54
 1976  191915    2    0    0   41    0
 1977  191942    2    0    1   49   54
 1978  192160    2    0    0   49    0
 1979  192187    1    0    0   72    0
 1980  192187    1    0    0   80    0
 1981  192214    1    0    1   73   63
 1982  192215    2    0    1   53   54
 1983  192651    2    0    0   53    0
 1984  192705    1    0    0   73    0
 1985  192760    1    0    1   68   80
 1986  192760    1    0    1   73   80
 1987  192760    2    0    1   42   80
 1988  192760    1    0    1   70   80
 1989  193005    1    0    0   68    0
 1990  193005    1    0    0   73    0
 1991  193005    1    0    0   70    0
 1992  193278    2    0    0   42    0
 1993  193306    2    0    1   49   54
 1994  193551    2    0    0   49    0
 1995  193578    1    0    1   92   80
 1996  193578    1    0    1   85   80
 1997  193578    2    0    1   56   54
 1998  193701    1    0    0   92    0
 1999  193701    1    0    0   85    0
 2000  193714    1    0    1   87   80
 2001  193824    2    0    0   56    0
 2002  193837    1    0    0   87    0
 2003  193851    2    0    1   49   54
 2004  194096    2    0    0   49    0
 2005  194123    1    0    1   73   63
 2006  194123    1    0    1   80   80
 2007  194124    2    0    1   54   54
 2008  194246    1    0    0   80    0
 2009  194246    1    0    0   73    0
 2010  194260    1    0    1   75   63
 2011  194369    2    0    0   54    0
 2012  194382    1    0    0   75    0
 2013  194396    2    0    1   49   54
 2014  194642    2    0    0   49    0
 2015  194669    1    0    1   61   80
 2016  194669    1    0    1   68   80
 2017  194669    2    0    1   56   54
 2018  194791    1    0    0   61    0
 2019  194791    1    0    0   68    0
 2020  194805    1    0    1   63   80
 2021  194915    2    0    0   56    0
 2022  194928    1    0    0   63    0
 2023  194942    2    0    1   49   54
 2024  195146    1    0    1   63   80
 2025  195187    2    0    0   49    0
 2026  195214    1    0    1   65   63
 2027  195214    1    0    1   56   63
 2028  195215    2    0    1   37   54
 2029  195269    1    0    0   63    0
 2030  195460    2    0    0   37    0
 2031  195487    2    0    1   44   54
 2032  195651    1    0    0   56    0
 2033  195651    1    0    0   65    0
 2034  195733    2    0    0   44    0
 2035  195760    2    0    1   49   54
 2036  195760    1    0    1   68   63
 2037  196005    1    0    0   68    0
 2038  196006    2    0    0   49    0
 2039  196032    1    0    1   60   63
 2040  196032    1    0    1   56   80
 2041  196033    2    0    1   41   54
 2042  196278    2    0    0   41    0
 2043  196306    2    0    1   49   54
 2044  196469    1    0    0   60    0
 2045  196523    1    0    0   56    0
 2046  196524    2    0    0   49    0
 2047  196578    2    0    1   53   80
 2048  196578    1    0    1   61   63
 2049  197014    1    0    0   61    0
 2050  197015    2    0    0   53    0
 2051  197123    1    0    1   61   80
 2052  197123    1    0    1   54   80
 2053  197124    2    0    1   42   54
 2054  197369    1    0    0   54    0
 2055  197369    1    0    0   61    0
 2056  197642    2    0    0   42    0
 2057  197669    2    0    1   49   54
 2058  197669    1    0    1   85   56
 2059  197906    1    0    0   85    0
 2060  197907    1    0    1   85   56
 2061  197914    1    0    0   85    0
 2062  197915    2    0    0   49    0
 2063  197941    1    0    1   87   56
 2064  197942    2    0    1   56   54
 2065  198187    1    0    0   87    0
 2066  198187    2    0    0   56    0
 2067  198214    1    0    1   85   56
 2068  198215    2    0    1   49   54
 2069  198460    1    0    0   85    0
 2070  198460    2    0    0   49    0
 2071  198487    1    0    1   82   56
 2072  198487    2    0    1   54   54
 2073  198487    1    0    1   94   56
 2074  198732    1    0    0   82    0
 2075  198732    1    0    0   94    0
 2076  198733    2    0    0   54    0
 2077  198760    1    0    1   80   80
 2078  198760    2    0    1   49   54
 2079  198760    1    0    1   92   56
 2080  199005    1    0    0   80    0
 2081  199005    1    0    0   92    0
 2082  199006    2    0    0   49    0
 2083  199033    2    0    1   56   54
 2084  199278    2    0    0   56    0
 2085  199305    1    0    1   73   63
 2086  199306    2    0    1   49   54
 2087  199428    1    0    0   73    0
 2088  199441    1    0    1   75   63
 2089  199551    2    0    0   49    0
 2090  199564    1    0    0   75    0
 2091  199578    1    0    1   68   63
 2092  199578    2    0    1   49   54
 2093  199578    1    0    1   77   63
 2094  199823    1    0    0   68    0
 2095  199823    1    0    0   77    0
 2096  199824    2    0    0   49    0
 2097  199851    1    0    1   75   63
 2098  199851    2    0    1   56   54
 2099  200096    1    0    0   75    0
 2100  200096    2    0    0   56    0
 2101  200123    1    0    1   73   63
 2102  200124    2    0    1   61   54
 2103  200369    1    0    0   73    0
 2104  200369    2    0    0   61    0
 2105  200396    1    0    1   72   63
 2106  200396    2    0    1   53   54
 2107  200396    1    0    1   80   63
 2108  200642    2    0    0   53    0
 2109  200669    2    0    1   61   54
 2110  200887    2    0    0   61    0
 2111  200914    1    0    0   80    0
 2112  200914    1    0    0   72    0
 2113  200941    1    0    1   73   63
 2114  200942    2    0    1   65   54
 2115  201378    2    0    0   65    0
 2116  201432    1    0    0   73    0
 2117  201487    1    0    1   68   50
 2118  201487    2    0    1   54   54
 2119  201487    1    0    1   73   50
 2120  201487    1    0    1   70   50
 2121  201732    1    0    0   68    0
 2122  201732    1    0    0   73    0
 2123  201732    1    0    0   70    0
 2124  201978    2    0    0   54    0
 2125  202032    1    0    1   85   56
 2126  202033    2    0    1   61   54
 2127  202251    2    0    0   61    0
 2128  202278    1    0    0   85    0
 2129  202305    1    0    1   87   56
 2130  202306    2    0    1   68   54
 2131  202524    2    0    0   68    0
 2132  202551    1    0    0   87    0
 2133  202578    1    0    1   85   56
 2134  202578    2    0    1   61   54
 2135  202796    2    0    0   61    0
 2136  202823    1    0    0   85    0
 2137  202851    1    0    1   94   56
 2138  202851    2    0    1   70   54
 2139  203096    1    0    0   94    0
 2140  203096    2    0    0   70    0
 2141  203123    1    0    1   92   56
 2142  203124    2    0    1   61   54
 2143  203369    1    0    0   92    0
 2144  203369    2    0    0   61    0
 2145  203396    2    0    1   68   54
 2146  203642    2    0    0   68    0
 2147  203669    1    0    1   73   63
 2148  203669    2    0    1   61   54
 2149  203791    1    0    0   73    0
 2150  203805    1    0    1   75   63
 2151  203915    2    0    0   61    0
 2152  203928    1    0    0   75    0
 2153  203941    1    0    1   77   63
 2154  203941    1    0    1   68   63
 2155  203942    2    0    1   49   54
 2156  204187    1    0    0   77    0
 2157  204187    2    0    0   49    0
 2158  204187    1    0    0   68    0
 2159  204214    1    0    1   75   63
 2160  204215    2    0    1   56   54
 2161  204460    1    0    0   75    0
 2162  204460    2    0    0   56    0
 2163  204487    1    0    1   73   63
 2164  204487    2    0    1   61   54
 2165  204732    1    0    0   73    0
 2166  204733    2    0    0   61    0
 2167  204760    1    0    1   72   63
 2168  204760    2    0    1   53   54
 2169  204760    1    0    1   80   63
 2170  205006    2    0    0   53    0
 2171  205033    2    0    1   61   54
 2172  205251    2    0    0   61    0
 2173  205278    1    0    0   80    0
 2174  205278    1    0    0   72    0
 2175  205305    1    0    1   73   63
 2176  205306    2    0    1   65   54
 2177  205742    2    0    0   65    0
 2178  205796    1    0    0   73    0
 2179  205851    1    0    1   73   51
 2180  205851    2    0    1   54   54
 2181  205851    1    0    1   70   51
 2182  205851    1    0    1   68   51
 2183  206096    1    0    0   73    0
 2184  206096    1    0    0   70    0
 2185  206096    1    0    0   68    0
 2186  206369    2    0    0   54    0
 2187  206396    1    0    1   85   55
 2188  206396    2    0    1   61   54
 2189  206641    1    0    0   85    0
 2190  206642    2    0    0   61    0
 2191  206669    1    0    1   87   55
 2192  206669    2    0    1   68   54
 2193  206914    1    0    0   87    0
 2194  206915    2    0    0   68    0
 2195  206941    1    0    1   85   55
 2196  206942    2    0    1   61   54
 2197  207187    1    0    0   85    0
 2198  207187    2    0    0   61    0
 2199  207214    1    0    1   94   55
 2200  207215    2    0    1   70   54
 2201  207460    1    0    0   94    0
 2202  207460    2    0    0   70    0
 2203  207487    1    0    1   92   55
 2204  207487    2    0    1   61   54
 2205  207732    1    0    0   92    0
 2206  207733    2    0    0   61    0
 2207  207760    2    0    1   68   54
 2208  208006    2    0    0   68    0
 2209  208032    1    0    1   73   63
 2210  208033    2    0    1   61   80
 2211  208155    1    0    0   73    0
 2212  208169    1    0    1   75   63
 2213  208278    2    0    0   61    0
 2214  208291    1    0    0   75    0
 2215  208305    1    0    1   77   63
 2216  208305    1    0    1   68   63
 2217  208306    2    0    1   49   54
 2218  208551    1    0    0   77    0
 2219  208551    2    0    0   49    0
 2220  208551    1    0    0   68    0
 2221  208578    1    0    1   75   64
 2222  208578    2    0    1   56   54
 2223  208823    1    0    0   75    0
 2224  208824    2    0    0   56    0
 2225  208851    1    0    1   73   64
 2226  208851    2    0    1   61   54
 2227  209096    1    0    0   73    0
 2228  209096    2    0    0   61    0
 2229  209123    1    0    1   80   64
 2230  209123    1    0    1   72   64
 2231  209124    2    0    1   53   54
 2232  209369    2    0    0   53    0
 2233  209396    2    0    1   61   54
 2234  209615    2    0    0   61    0
 2235  209641    1    0    0   80    0
 2236  209641    1    0    0   72    0
 2237  209669    1    0    1   73   64
 2238  209669    2    0    1   65   54
 2239  210106    2    0    0   65    0
 2240  210160    1    0    0   73    0
 2241  210214    1    0    1   73   51
 2242  210214    1    0    1   70   51
 2243  210214    1    0    1   68   51
 2244  210215    2    0    1   54   54
 2245  210460    1    0    0   70    0
 2246  210460    1    0    0   68    0
 2247  210460    1    0    0   73    0
 2248  210775    2    0    0   54    0
 2249  210806    1    0    1   85   55
 2250  210807    2    0    1   61   54
 2251  211093    1    0    0   85    0
 2252  211094    2    0    0   61    0
 2253  211125    1    0    1   87   55
 2254  211126    2    0    1   68   54
 2255  211412    1    0    0   87    0
 2256  211413    2    0    0   68    0
 2257  211444    1    0    1   85   55
 2258  211445    2    0    1   61   54
 2259  211732    1    0    0   85    0
 2260  211732    2    0    0   61    0
 2261  211763    1    0    1   94   55
 2262  211764    2    0    1   70   54
 2263  212051    1    0    0   94    0
 2264  212051    2    0    0   70    0
 2265  212083    1    0    1   92   55
 2266  212083    2    0    1   61   54
 2267  212370    1    0    0   92    0
 2268  212370    2    0    0   61    0
 2269  212402    2    0    1   68   54
 2270  212689    2    0    0   68    0
 2271  212721    1    0    1   73   64
 2272  212721    2    0    1   61   80
 2273  212865    1    0    0   73    0
 2274  212880    1    0    1   75   64
 2275  213009    2    0    0   61    0
 2276  213024    1    0    0   75    0
 2277  213040    1    0    1   77   64
 2278  213040    1    0    1   68   64
 2279  213041    2    0    1   49   54
 2280  213347    1    0    0   77    0
 2281  213347    2    0    0   49    0
 2282  213347    1    0    0   68    0
 2283  213381    1    0    1   75   64
 2284  213381    2    0    1   56   54
 2285  213688    1    0    0   75    0
 2286  213688    2    0    0   56    0
 2287  213722    1    0    1   73   64
 2288  213722    2    0    1   61   54
 2289  214029    1    0    0   73    0
 2290  214029    2    0    0   61    0
 2291  214063    1    0    1   72   64
 2292  214063    2    0    1   53   54
 2293  214063    1    0    1   80   64
 2294  214370    2    0    0   53    0
 2295  214404    2    0    1   61   54
 2296  214677    2    0    0   61    0
 2297  214710    1    0    0   80    0
 2298  214710    1    0    0   72    0
 2299  214745    1    0    1   73   64
 2300  214745    2    0    1   65   54
 2301  215052    2    0    0   65    0
 2302  215086    2    0    1   61   54
 2303  215700    2    0    0   61    0
 2304  215767    1    0    1   68   48
 2305  215767    1    0    0   73    0
 2306  215767    1    0    1   70   48
 2307  215768    1    0    1   73   48
 2308  215768    2    0    1   54   54
 2309  216165    2    0    0   54    0
 2310  216209    2    0    1   61   54
 2311  216561    1    0    0   73    0
 2312  216561    1    0    0   70    0
 2313  216561    1    0    0   68    0
 2314  216649    1    0    1   66   54
 2315  217046    1    0    0   66    0
 2316  217090    1    0    1   68   56
 2317  217487    1    0    0   68    0
 2318  217532    1    0    1   73   59
 2319  217929    1    0    0   73    0
 2320  217973    1    0    1   80   61
 2321  218370    1    0    0   80    0
 2322  218414    1    0    1   85   63
 2323  218811    1    0    0   85    0
 2324  218855    1    0    1   89   65
 2325  219306    2    0    0   61    0
 2326  219529    1    0    0   89    0
 2327  219604    1    0    1   97   68
 2328  219606    0   15    7  255  255
 2329  224404    1    0    0   97    0
 2330  225601    1   15    7  255  255
 2331  225603    2   15    7  255  255
