 1550    1    0    1   73   57    0
 1811    1    0    0   73    0    0
 1812    1    0    1   73   57    0
 1820    1    0    0   73    0    0
 1850    1    0    1   75   57    0
 2150    1    0    1   73   57    0
 2411    1    0    0   75    0    0
 2412    1    0    1   75   57    0
 2420    1    0    0   73    0    0
 2447    1    0    0   75    0    0
 2450    2    0    1   49   49    0
 2450    1    0    1   77   57    0
 2450    1    0    1   68   57    0
 2695    2    0    0   49    0    0
 2722    2    0    1   56   49    0
 2968    2    0    0   56    0    0
 2993    1    0    0   77    0    0
 2993    1    0    0   68    0    0
 2995    1    0    1   80   57    0
 2995    2    0    1   61   49    0
 3240    1    0    0   80    0    0
 3240    2    0    0   61    0    0
 3268    1    0    1   72   57    0
 3268    2    0    1   53   49    0
 3513    2    0    0   53    0    0
 3540    2    0    1   61   49    0
 3759    1    0    0   72    0    0
 3813    1    0    1   73   57    0
 4031    2    0    0   61    0    0
 4086    2    0    1   65   49    0
 4304    1    0    0   73    0    0
 4359    1    0    1   68   57    0
 4359    1    0    1   73   57    0
 4577    2    0    0   65    0    0
 4631    2    0    1   54   49    0
 4922    2    0    0   54    0    0
 4954    2    0    1   61   49    0
 5244    2    0    0   61    0    0
 5276    2    0    1   66   49    0
 5567    2    0    0   66    0    0
 5598    2    0    0   68    0    0
 5599    2    0    1   68   49    0
 5793    1    0    0   73    0    0
 5793    1    0    0   68    0    0
 6244    1    0    1   73   57    0
 6525    1    0    0   73    0    0
 6526    1    0    1   73   57    0
 6535    1    0    0   73    0    0
 6567    1    0    1   75   57    0
 6857    1    0    0   75    0    0
 6889    1    0    1   73   57    0
 7172    1    0    1   75   57    0
 7180    1    0    0   73    0    0
 7212    1    0    1   68   57    0
 7212    2    0    1   49   49    0
 7212    1    0    1   77   57    0
 7239    1    0    0   75    0    0
 7457    2    0    0   49    0    0
 7485    2    0    1   56   49    0
 7703    1    0    0   68    0    0
 7703    1    0    0   77    0    0
 7730    2    0    0   56    0    0
 7757    1    0    1   73   57    0
 7757    2    0    1   61   49    0
 7757    1    0    1   80   57    0
 8003    1    0    0   80    0    0
 8003    2    0    0   61    0    0
 8003    1    0    0   73    0    0
 8030    1    0    1   75   57    0
 8030    2    0    1   53   49    0
 8030    1    0    1   84   57    0
 8276    2    0    0   53    0    0
 8303    2    0    1   56   49    0
 8548    1    0    0   75    0    0
 8548    1    0    0   84    0    0
 8576    1    0    1   77   57    0
 8576    1    0    1   85   57    0
 8736    2    0    0   56    0    0
 8821    1    0    0   85    0    0
 8821    1    0    0   77    0    0
 8848    1    0    1   73   57    0
 8848    2    0    1   61   49    0
 8848    1    0    1   80   57    0
 9052    1    0    0   80    0    0
 9053    1    0    1   80   80    0
 9094    1    0    0   80    0    0
 9094    1    0    0   73    0    0
 9121    1    0    1   82   57    0
 9121    1    0    1   73   57    0
 9281    2    0    0   61    0    0
 9394    2    0    1   54   49    0
 9664    2    0    0   54    0    0
 9664    1    0    0   73    0    0
 9664    1    0    0   82    0    0
 9694    2    0    1   61   49    0
 9694    1    0    1   80   57    0
 9964    2    0    0   61    0    0
 9994    2    0    1   68   49    0
 10234    1    0    0   80    0    0
 10294    1    0    1   73   57    0
 10864    1    0    0   73    0    0
 10894    1    0    1   73   57    0
 11155    1    0    0   73    0    0
 11156    1    0    1   73   57    0
 11164    1    0    0   73    0    0
 11194    1    0    1   75   57    0
 11464    1    0    0   75    0    0
 11494    1    0    1   73   57    0
 11756    1    0    1   75   57    0
 11764    1    0    0   73    0    0
 11791    1    0    0   75    0    0
 11793    1    0    0   68    0    0
 11794    1    0    1   77   57    0
 11794    2    0    1   49   49    0
 11794    1    0    1   68   57    0
 11795    2    0    0   68    0    0
 12039    2    0    0   49    0    0
 12067    2    0    1   56   49    0
 12312    2    0    0   56    0    0
 12337    1    0    0   77    0    0
 12339    2    0    1   61   49    0
 12339    1    0    1   80   57    0
 12585    2    0    0   61    0    0
 12585    1    0    0   80    0    0
 12612    2    0    1   53   49    0
 12612    1    0    1   72   57    0
 12857    2    0    0   53    0    0
 12885    2    0    1   61   49    0
 13103    1    0    0   72    0    0
 13157    1    0    1   73   57    0
 13376    2    0    0   61    0    0
 13430    2    0    1   65   49    0
 13648    1    0    0   73    0    0
 13703    1    0    1   73   57    0
 13703    1    0    1   68   57    0
 13921    2    0    0   65    0    0
 13976    2    0    1   54   49    0
 14246    2    0    0   54    0    0
 14276    2    0    1   61   49    0
 14455    1    0    0   73    0    0
 14455    1    0    0   68    0    0
 14575    1    0    1   66   57    0
 14845    1    0    0   66    0    0
 14875    1    0    1   68   57    0
 15445    1    0    0   68    0    0
 15475    1    0    1   73   57    0
 15737    1    0    0   73    0    0
 15738    1    0    1   73   57    0
 15745    1    0    0   73    0    0
 15775    1    0    1   75   57    0
 16045    1    0    0   75    0    0
 16075    1    0    1   73   57    0
 16256    2    0    0   61    0    0
 16338    1    0    1   75   57    0
 16345    1    0    0   73    0    0
 16375    1    0    1   77   57    0
 16375    1    0    1   68   57    0
 16376    2    0    1   49   49    0
 16403    1    0    0   75    0    0
 16621    2    0    0   49    0    0
 16648    2    0    1   56   49    0
 16867    1    0    0   68    0    0
 16867    1    0    0   77    0    0
 16894    2    0    0   56    0    0
 16921    2    0    1   61   49    0
 16921    1    0    1   80   57    0
 16921    1    0    1   73   57    0
 17167    2    0    0   61    0    0
 17167    1    0    0   73    0    0
 17167    1    0    0   80    0    0
 17194    2    0    1   53   49    0
 17194    1    0    1   84   57    0
 17194    1    0    1   75   57    0
 17439    2    0    0   53    0    0
 17467    2    0    1   56   49    0
 17736    1    0    0   75    0    0
 17736    1    0    0   84    0    0
 17766    1    0    1   77   57    0
 17766    1    0    1   85   57    0
 17947    2    0    0   56    0    0
 18036    1    0    0   85    0    0
 18036    1    0    0   77    0    0
 18066    1    0    1   80   57    0
 18066    1    0    1   73   57    0
 18067    2    0    1   61   49    0
 18290    1    0    0   80    0    0
 18291    1    0    1   80   80    0
 18336    1    0    0   80    0    0
 18336    1    0    0   73    0    0
 18366    1    0    1   82   57    0
 18366    1    0    1   73   57    0
 18547    2    0    0   61    0    0
 18667    2    0    1   54   49    0
 18966    1    0    0   82    0    0
 18966    1    0    0   73    0    0
 18967    2    0    0   54    0    0
 19000    2    0    1   61   49    0
 19000    1    0    1   80   57    0
 19266    1    0    0   80    0    0
 19333    1    0    1   68   57    0
 19633    1    0    0   68    0    0
 19666    1    0    1   73   57    0
 19966    1    0    0   73    0    0
 20666    1    0    1   82   57    0
 20966    1    0    0   82    0    0
 21000    1    0    1   84   57    0
 21200    2    0    0   61    0    0
 21300    1    0    0   84    0    0
 21333    1    0    1   85   57    0
 21333    1    0    1   77   57    0
 21333    2    0    1   58   49    0
 21590    2    0    0   58    0    0
 21619    2    0    1   65   49    0
 21847    1    0    0   85    0    0
 21847    1    0    0   77    0    0
 21904    1    0    1   73   57    0
 22161    1    0    0   73    0    0
 22190    1    0    1   84   57    0
 22190    1    0    1   75   57    0
 22733    1    0    0   84    0    0
 22733    1    0    0   75    0    0
 22761    1    0    1   80   57    0
 22761    1    0    1   72   57    0
 23276    1    0    0   80    0    0
 23276    1    0    0   72    0    0
 23297    1    0    1   80   57    0
 23333    1    0    1   82   57    0
 23333    1    0    1   73   57    0
 23361    1    0    0   80    0    0
 23619    2    0    1   54   49    0
 23619    2    0    0   65    0    0
 23876    1    0    0   73    0    0
 23876    1    0    0   82    0    0
 23876    2    0    0   54    0    0
 23904    1    0    1   80   57    0
 23905    2    0    1   61   49    0
 24162    2    0    0   61    0    0
 24190    2    0    1   68   49    0
 24419    1    0    0   80    0    0
 24476    1    0    1   73   57    0
 24990    1    0    0   73    0    0
 25047    1    0    1   75   57    0
 25546    1    0    0   75    0    0
 25547    1    0    1   75   80    0
 25561    1    0    0   75    0    0
 25618    1    0    0   68    0    0
 25619    1    0    1   77   57    0
 25619    1    0    1   68   57    0
 25905    2    0    1   49   49    0
 25905    2    0    0   68    0    0
 26150    2    0    0   49    0    0
 26150    1    0    0   77    0    0
 26177    2    0    1   56   49    0
 26177    1    0    1   68   57    0
 26423    2    0    0   56    0    0
 26423    1    0    0   68    0    0
 26450    2    0    1   61   49    0
 26450    1    0    1   80   57    0
 26695    1    0    0   80    0    0
 26723    1    0    1   75   57    0
 26941    2    0    0   61    0    0
 26995    2    0    1   48   49    0
 27241    2    0    0   48    0    0
 27241    1    0    0   75    0    0
 27268    2    0    1   56   49    0
 27268    1    0    1   68   57    0
 27513    1    0    0   68    0    0
 27514    2    0    0   56    0    0
 27541    2    0    1   60   49    0
 27541    1    0    1   80   57    0
 27786    1    0    0   80    0    0
 27813    1    0    1   78   57    0
 28032    2    0    0   60    0    0
 28086    2    0    1   46   49    0
 28332    2    0    0   46    0    0
 28332    1    0    0   78    0    0
 28359    2    0    1   53   49    0
 28359    1    0    1   77   57    0
 28604    1    0    0   77    0    0
 28632    1    0    1   75   57    0
 28877    1    0    0   75    0    0
 28904    1    0    1   73   57    0
 29150    1    0    0   73    0    0
 29723    1    0    1   82   57    0
 29723    1    0    1   73   57    0
 29968    1    0    0   82    0    0
 29968    1    0    0   73    0    0
 29995    1    0    1   84   57    0
 29995    1    0    1   75   57    0
 30159    2    0    0   53    0    0
 30241    1    0    0   75    0    0
 30241    1    0    0   84    0    0
 30268    2    0    1   54   49    0
 30268    1    0    1   85   57    0
 30268    1    0    1   78   57    0
 30514    2    0    0   54    0    0
 30541    2    0    1   61   49    0
 30786    2    0    0   61    0    0
 30814    2    0    1   68   49    0
 31086    1    0    0   85    0    0
 31086    1    0    0   78    0    0
 31086    1    0    1   84   57    0
 31086    1    0    1   75   57    0
 31523    1    0    0   84    0    0
 31523    1    0    0   75    0    0
 31632    1    0    1   80   57    0
 31632    1    0    1   72   57    0
 32123    1    0    0   80    0    0
 32123    1    0    0   72    0    0
 32143    1    0    1   80   57    0
 32177    1    0    1   82   57    0
 32177    1    0    1   73   57    0
 32204    1    0    0   80    0    0
 32450    2    0    1   53   49    0
 32450    2    0    0   68    0    0
 32695    2    0    0   53    0    0
 32695    1    0    0   73    0    0
 32695    1    0    0   82    0    0
 32723    2    0    1   61   49    0
 32723    1    0    1   80   57    0
 32968    2    0    0   61    0    0
 32995    2    0    1   65   49    0
 33213    1    0    0   80    0    0
 33268    1    0    1   73   57    0
 33759    1    0    0   73    0    0
 33813    1    0    1   75   57    0
 34448    1    0    1   63   57    0
 34509    1    0    0   63    0    0
 34509    1    0    1   68   57    0
 34570    1    0    0   68    0    0
 34570    1    0    1   70   57    0
 34631    1    0    0   75    0    0
 34632    1    0    1   75   57    0
 34632    1    0    0   70    0    0
 34632    2    0    0   65    0    0
 34632    2    0    1   51   49    0
 34633    1    0    0   75    0    0
 34877    2    0    0   51    0    0
 34905    2    0    1   58   49    0
 35150    2    0    0   58    0    0
 35177    2    0    1   61   49    0
 35450    1    0    1   66   57    0
 35614    2    0    0   61    0    0
 35723    2    0    1   63   49    0
 35886    1    0    0   66    0    0
 35995    1    0    1   68   57    0
 36159    2    0    0   63    0    0
 36268    2    0    1   61   49    0
 36486    1    0    0   68    0    0
 36541    1    0    1   70   57    0
 36705    2    0    0   61    0    0
 36814    2    0    1   63   49    0
 37059    1    0    0   70    0    0
 37086    1    0    1   73   57    0
 37250    2    0    0   63    0    0
 37359    2    0    1   61   49    0
 37577    1    0    0   73    0    0
 37632    1    0    1   75   57    0
 37795    2    0    0   61    0    0
 37905    2    0    1   63   49    0
 38123    1    0    0   75    0    0
 38177    1    0    1   78   57    0
 38341    2    0    0   63    0    0
 38450    2    0    1   61   49    0
 38811    1    0    1   80   57    0
 38873    1    0    1   75   57    0
 38873    1    0    0   80    0    0
 38886    2    0    0   61    0    0
 38934    1    0    0   75    0    0
 38934    1    0    1   73   57    0
 38995    1    0    0   78    0    0
 38995    1    0    0   73    0    0
 38995    1    0    1   68   57    0
 38995    2    0    1   44   49    0
 39241    2    0    0   44    0    0
 39268    2    0    1   51   49    0
 39514    2    0    0   51    0    0
 39541    2    0    1   54   49    0
 39786    2    0    0   54    0    0
 39814    2    0    1   61   49    0
 40332    1    0    0   68    0    0
 40359    1    0    1   68   57    0
 40905    2    0    0   61    0    0
 40905    2    0    1   60   49    0
 41150    2    0    0   60    0    0
 41177    2    0    1   60   37    0
 41177    2    0    1   56   37    0
 42159    1    0    0   68    0    0
 42541    1    0    1   73   63    0
 42778    1    0    0   73    0    0
 42779    1    0    1   73   63    0
 42786    1    0    0   73    0    0
 42813    1    0    1   75   63    0
 43059    1    0    0   75    0    0
 43086    1    0    1   73   63    0
 43141    2    0    0   56    0    0
 43141    2    0    0   60    0    0
 43325    1    0    1   75   57    0
 43332    1    0    0   73    0    0
 43357    1    0    0   75    0    0
 43359    1    0    1   68   57    0
 43359    2    0    1   49   49    0
 43359    1    0    1   77   57    0
 43605    2    0    0   49    0    0
 43632    2    0    1   56   49    0
 43877    2    0    0   56    0    0
 43902    1    0    0   68    0    0
 43902    1    0    0   77    0    0
 43904    1    0    1   80   57    0
 43905    2    0    1   61   49    0
 44150    2    0    0   61    0    0
 44150    1    0    0   80    0    0
 44177    2    0    1   53   49    0
 44177    1    0    1   72   57    0
 44423    2    0    0   53    0    0
 44450    2    0    1   61   49    0
 44668    1    0    0   72    0    0
 44723    1    0    1   73   57    0
 44941    2    0    0   61    0    0
 44995    2    0    1   65   49    0
 45213    1    0    0   73    0    0
 45268    1    0    1   73   57    0
 45268    1    0    1   68   57    0
 45486    2    0    0   65    0    0
 45541    2    0    1   54   49    0
 45831    2    0    0   54    0    0
 45864    2    0    1   61   49    0
 46154    2    0    0   61    0    0
 46186    2    0    1   66   49    0
 46476    2    0    0   66    0    0
 46508    2    0    0   68    0    0
 46509    2    0    1   68   49    0
 46702    1    0    0   68    0    0
 46702    1    0    0   73    0    0
 47153    1    0    1   73   57    0
 47435    1    0    0   73    0    0
 47436    1    0    1   73   57    0
 47444    1    0    0   73    0    0
 47476    1    0    1   75   57    0
 47766    1    0    0   75    0    0
 47799    1    0    1   73   57    0
 48081    1    0    1   75   57    0
 48089    1    0    0   73    0    0
 48121    1    0    1   68   57    0
 48121    1    0    1   77   57    0
 48122    2    0    1   49   49    0
 48149    1    0    0   75    0    0
 48367    2    0    0   49    0    0
 48394    2    0    1   56   49    0
 48612    1    0    0   77    0    0
 48612    1    0    0   68    0    0
 48640    2    0    0   56    0    0
 48667    1    0    1   80   57    0
 48667    1    0    1   73   57    0
 48667    2    0    1   61   49    0
 48912    1    0    0   73    0    0
 48912    1    0    0   80    0    0
 48912    2    0    0   61    0    0
 48940    1    0    1   84   57    0
 48940    1    0    1   75   57    0
 48940    2    0    1   53   49    0
 49185    2    0    0   53    0    0
 49212    2    0    1   56   49    0
 49458    1    0    0   84    0    0
 49458    1    0    0   75    0    0
 49485    1    0    1   85   57    0
 49485    1    0    1   77   57    0
 49645    2    0    0   56    0    0
 49730    1    0    0   77    0    0
 49730    1    0    0   85    0    0
 49758    1    0    1   80   57    0
 49758    1    0    1   73   57    0
 49758    2    0    1   61   49    0
 49961    1    0    0   80    0    0
 49962    1    0    1   80   80    0
 50003    1    0    0   73    0    0
 50003    1    0    0   80    0    0
 50030    1    0    1   73   57    0
 50030    1    0    1   82   57    0
 50191    2    0    0   61    0    0
 50303    2    0    1   54   49    0
 50573    1    0    0   82    0    0
 50573    2    0    0   54    0    0
 50573    1    0    0   73    0    0
 50603    1    0    1   80   57    0
 50603    2    0    1   61   49    0
 50873    2    0    0   61    0    0
 50903    2    0    1   68   49    0
 51143    1    0    0   80    0    0
 51203    1    0    1   73   57    0
 51773    1    0    0   73    0    0
 51803    1    0    1   73   57    0
 52065    1    0    0   73    0    0
 52066    1    0    1   73   57    0
 52073    1    0    0   73    0    0
 52103    1    0    1   75   57    0
 52373    1    0    0   75    0    0
 52403    1    0    1   73   57    0
 52666    1    0    1   75   57    0
 52673    1    0    0   73    0    0
 52701    1    0    0   75    0    0
 52702    1    0    0   68    0    0
 52703    1    0    1   68   57    0
 52703    1    0    1   77   57    0
 52703    2    0    1   49   49    0
 52704    2    0    0   68    0    0
 52949    2    0    0   49    0    0
 52976    2    0    1   56   49    0
 53222    2    0    0   56    0    0
 53246    1    0    0   77    0    0
 53249    1    0    1   80   57    0
 53249    2    0    1   61   49    0
 53494    1    0    0   80    0    0
 53494    2    0    0   61    0    0
 53521    1    0    1   72   57    0
 53522    2    0    1   53   49    0
 53767    2    0    0   53    0    0
 53794    2    0    1   61   49    0
 54012    1    0    0   72    0    0
 54067    1    0    1   73   57    0
 54285    2    0    0   61    0    0
 54340    2    0    1   65   49    0
 54558    1    0    0   73    0    0
 54612    1    0    1   68   57    0
 54612    1    0    1   73   57    0
 54831    2    0    0   65    0    0
 54885    2    0    1   54   49    0
 55155    2    0    0   54    0    0
 55185    2    0    1   61   49    0
 55365    1    0    0   68    0    0
 55365    1    0    0   73    0    0
 55485    1    0    1   66   57    0
 55755    1    0    0   66    0    0
 55785    1    0    1   68   57    0
 56355    1    0    0   68    0    0
 56385    1    0    1   73   57    0
 56646    1    0    0   73    0    0
 56647    1    0    1   73   57    0
 56655    1    0    0   73    0    0
 56685    1    0    1   75   57    0
 56955    1    0    0   75    0    0
 56985    1    0    1   73   57    0
 57165    2    0    0   61    0    0
 57247    1    0    1   75   57    0
 57255    1    0    0   73    0    0
 57285    1    0    1   68   57    0
 57285    2    0    1   49   49    0
 57285    1    0    1   77   57    0
 57312    1    0    0   75    0    0
 57531    2    0    0   49    0    0
 57558    2    0    1   56   49    0
 57776    1    0    0   77    0    0
 57776    1    0    0   68    0    0
 57803    2    0    0   56    0    0
 57830    1    0    1   73   57    0
 57830    1    0    1   80   57    0
 57831    2    0    1   61   49    0
 58076    1    0    0   80    0    0
 58076    2    0    0   61    0    0
 58076    1    0    0   73    0    0
 58103    1    0    1   75   57    0
 58103    2    0    1   53   49    0
 58103    1    0    1   84   57    0
 58349    2    0    0   53    0    0
 58376    2    0    1   56   49    0
 58646    1    0    0   84    0    0
 58646    1    0    0   75    0    0
 58676    1    0    1   85   57    0
 58676    1    0    1   77   57    0
 58856    2    0    0   56    0    0
 58946    1    0    0   77    0    0
 58946    1    0    0   85    0    0
 58976    1    0    1   73   57    0
 58976    2    0    1   61   49    0
 58976    1    0    1   80   57    0
 59200    1    0    0   80    0    0
 59201    1    0    1   80   80    0
 59246    1    0    0   73    0    0
 59246    1    0    0   80    0    0
 59276    1    0    1   73   57    0
 59276    1    0    1   82   57    0
 59456    2    0    0   61    0    0
 59576    2    0    1   54   49    0
 59876    2    0    0   54    0    0
 59876    1    0    0   73    0    0
 59876    1    0    0   82    0    0
 59909    1    0    1   80   57    0
 59909    2    0    1   61   49    0
 60176    1    0    0   80    0    0
 60242    1    0    1   68   57    0
 60542    1    0    0   68    0    0
 60576    1    0    1   73   57    0
 60876    1    0    0   73    0    0
 61576    1    0    1   82   57    0
 61876    1    0    0   82    0    0
 61909    1    0    1   84   57    0
 62109    2    0    0   61    0    0
 62209    1    0    0   84    0    0
 62242    1    0    1   85   57    0
 62242    1    0    1   77   57    0
 62243    2    0    1   58   49    0
 62500    2    0    0   58    0    0
 62528    2    0    1   65   49    0
 62757    1    0    0   77    0    0
 62757    1    0    0   85    0    0
 62814    1    0    1   73   57    0
 63071    1    0    0   73    0    0
 63100    1    0    1   75   57    0
 63100    1    0    1   84   57    0
 63643    1    0    0   75    0    0
 63643    1    0    0   84    0    0
 63671    1    0    1   72   57    0
 63671    1    0    1   80   57    0
 64185    1    0    0   72    0    0
 64185    1    0    0   80    0    0
 64207    1    0    1   80   57    0
 64243    1    0    1   73   57    0
 64243    1    0    1   82   57    0
 64271    1    0    0   80    0    0
 64528    2    0    0   65    0    0
 64528    2    0    1   54   49    0
 64785    1    0    0   73    0    0
 64785    1    0    0   82    0    0
 64786    2    0    0   54    0    0
 64814    1    0    1   80   57    0
 64814    2    0    1   61   49    0
 65071    2    0    0   61    0    0
 65100    2    0    1   68   49    0
 65328    1    0    0   80    0    0
 65385    1    0    1   73   57    0
 65900    1    0    0   73    0    0
 65957    1    0    1   75   57    0
 66456    1    0    0   75    0    0
 66457    1    0    1   75   80    0
 66471    1    0    0   75    0    0
 66527    1    0    0   68    0    0
 66528    1    0    1   68   57    0
 66528    1    0    1   77   57    0
 66814    2    0    0   68    0    0
 66814    2    0    1   49   49    0
 67059    1    0    0   77    0    0
 67060    2    0    0   49    0    0
 67087    1    0    1   68   57    0
 67087    2    0    1   56   49    0
 67332    1    0    0   68    0    0
 67332    2    0    0   56    0    0
 67359    1    0    1   80   57    0
 67360    2    0    1   61   49    0
 67605    1    0    0   80    0    0
 67632    1    0    1   75   57    0
 67851    2    0    0   61    0    0
 67905    2    0    1   48   49    0
 68150    1    0    0   75    0    0
 68151    2    0    0   48    0    0
 68178    1    0    1   68   57    0
 68178    2    0    1   56   49    0
 68423    1    0    0   68    0    0
 68423    2    0    0   56    0    0
 68450    1    0    1   80   57    0
 68451    2    0    1   60   49    0
 68696    1    0    0   80    0    0
 68723    1    0    1   78   57    0
 68941    2    0    0   60    0    0
 68996    2    0    1   46   49    0
 69241    1    0    0   78    0    0
 69241    2    0    0   46    0    0
 69269    1    0    1   77   57    0
 69269    2    0    1   53   49    0
 69514    1    0    0   77    0    0
 69541    1    0    1   75   57    0
 69787    1    0    0   75    0    0
 69814    1    0    1   73   57    0
 70059    1    0    0   73    0    0
 70632    1    0    1   73   57    0
 70632    1    0    1   82   57    0
 70878    1    0    0   73    0    0
 70878    1    0    0   82    0    0
 70905    1    0    1   75   57    0
 70905    1    0    1   84   57    0
 71069    2    0    0   53    0    0
 71150    1    0    0   84    0    0
 71150    1    0    0   75    0    0
 71178    1    0    1   78   57    0
 71178    2    0    1   54   49    0
 71178    1    0    1   85   57    0
 71423    2    0    0   54    0    0
 71451    2    0    1   61   49    0
 71696    2    0    0   61    0    0
 71723    2    0    1   68   49    0
 71996    1    0    1   75   57    0
 71996    1    0    0   85    0    0
 71996    1    0    0   78    0    0
 71996    1    0    1   84   57    0
 72432    1    0    0   75    0    0
 72432    1    0    0   84    0    0
 72541    1    0    1   72   57    0
 72541    1    0    1   80   57    0
 73032    1    0    0   72    0    0
 73032    1    0    0   80    0    0
 73053    1    0    1   80   57    0
 73087    1    0    1   73   57    0
 73087    1    0    1   82   57    0
 73114    1    0    0   80    0    0
 73360    2    0    0   68    0    0
 73360    2    0    1   53   49    0
 73605    1    0    0   82    0    0
 73605    2    0    0   53    0    0
 73605    1    0    0   73    0    0
 73632    1    0    1   80   57    0
 73632    2    0    1   61   49    0
 73878    2    0    0   61    0    0
 73905    2    0    1   65   49    0
 74123    1    0    0   80    0    0
 74178    1    0    1   73   57    0
 74669    1    0    0   73    0    0
 74723    1    0    1   75   57    0
 75357    1    0    1   63   57    0
 75419    1    0    1   68   57    0
 75419    1    0    0   63    0    0
 75480    1    0    1   70   57    0
 75480    1    0    0   68    0    0
 75540    1    0    0   75    0    0
 75541    2    0    1   51   49    0
 75541    1    0    0   70    0    0
 75541    1    0    1   75   57    0
 75541    2    0    0   65    0    0
 75542    1    0    0   75    0    0
 75787    2    0    0   51    0    0
 75814    2    0    1   58   49    0
 76060    2    0    0   58    0    0
 76087    2    0    1   61   49    0
 76359    1    0    1   66   57    0
 76523    2    0    0   61    0    0
 76632    2    0    1   63   49    0
 76796    1    0    0   66    0    0
 76905    1    0    1   68   57    0
 77069    2    0    0   63    0    0
 77178    2    0    1   61   49    0
 77396    1    0    0   68    0    0
 77450    1    0    1   70   57    0
 77614    2    0    0   61    0    0
 77723    2    0    1   63   49    0
 77969    1    0    0   70    0    0
 77996    1    0    1   73   57    0
 78160    2    0    0   63    0    0
 78269    2    0    1   61   49    0
 78487    1    0    0   73    0    0
 78541    1    0    1   75   57    0
 78705    2    0    0   61    0    0
 78814    2    0    1   63   49    0
 79032    1    0    0   75    0    0
 79087    1    0    1   78   57    0
 79251    2    0    0   63    0    0
 79360    2    0    1   61   49    0
 79721    1    0    1   80   57    0
 79782    1    0    0   80    0    0
 79782    1    0    1   75   57    0
 79796    2    0    0   61    0    0
 79844    1    0    1   73   57    0
 79844    1    0    0   75    0    0
 79905    2    0    1   44   49    0
 79905    1    0    1   68   57    0
 79905    1    0    0   78    0    0
 79905    1    0    0   73    0    0
 80151    2    0    0   44    0    0
 80178    2    0    1   51   49    0
 80423    2    0    0   51    0    0
 80451    2    0    1   54   49    0
 80696    2    0    0   54    0    0
 80723    2    0    1   61   49    0
 81241    1    0    0   68    0    0
 81269    1    0    1   68   57    0
 81814    2    0    1   60   49    0
 81814    2    0    0   61    0    0
 82060    2    0    0   60    0    0
 82086    1    0    0   68    0    0
 82087    1    0    1   68   64    0
 82087    2    0    1   60   40    0
 82087    2    0    1   56   40    0
 83069    1    0    0   68    0    0
 83450    1    0    1   61   69    0
 83688    1    0    0   61    0    0
 83689    1    0    1   61   69    0
 83696    1    0    0   61    0    0
 83723    1    0    1   63   69    0
 83969    1    0    0   63    0    0
 83996    1    0    1   61   69    0
 84051    2    0    0   56    0    0
 84051    2    0    0   60    0    0
 84234    1    0    1   63   55    0
 84241    1    0    0   61    0    0
 84269    1    0    1   65   55    0
 84269    2    0    1   37   53    0
 84269    1    0    1   56   55    0
 84296    1    0    0   63    0    0
 84538    2    0    0   37    0    0
 84541    2    0    1   44   53    0
 84759    1    0    0   56    0    0
 84759    1    0    0   65    0    0
 84807    2    0    0   44    0    0
 84814    2    0    1   53   53    0
 84814    1    0    1   68   69    0
 85059    1    0    0   68    0    0
 85084    2    0    0   53    0    0
 85087    2    0    1   44   53    0
 85087    1    0    1   60   60    0
 85353    2    0    0   44    0    0
 85360    2    0    1   51   80    0
 85605    1    0    0   60    0    0
 85631    2    0    0   51    0    0
 85632    2    0    1   44   80    0
 85632    1    0    1   61   69    0
 85904    2    0    0   44    0    0
 85905    2    0    1   49   80    0
 86123    1    0    0   61    0    0
 86177    2    0    0   49    0    0
 86178    2    0    1   42   80    0
 86178    1    0    1   61   69    0
 86423    1    0    0   61    0    0
 86696    2    0    0   42    0    0
 86723    2    0    1   49   53    0
 86723    1    0    1   85   57    0
 86961    1    0    0   85    0    0
 86962    1    0    1   85   57    0
 86969    1    0    0   85    0    0
 86969    2    0    0   49    0    0
 86996    1    0    1   87   57    0
 86996    2    0    1   56   53    0
 87241    1    0    0   87    0    0
 87241    2    0    0   56    0    0
 87269    1    0    1   85   57    0
 87269    2    0    1   49   53    0
 87514    1    0    0   85    0    0
 87514    2    0    0   49    0    0
 87541    2    0    1   42   53    0
 87541    1    0    1   94   57    0
 87541    1    0    1   82   57    0
 87787    2    0    0   42    0    0
 87787    1    0    0   82    0    0
 87787    1    0    0   94    0    0
 87814    2    0    1   49   53    0
 87814    1    0    1   92   57    0
 87814    1    0    1   80   80    0
 88059    1    0    0   80    0    0
 88059    1    0    0   92    0    0
 88060    2    0    0   49    0    0
 88087    2    0    1   54   53    0
 88332    2    0    0   54    0    0
 88359    1    0    1   61   69    0
 88360    2    0    1   49   53    0
 88482    1    0    0   61    0    0
 88496    1    0    1   63   69    0
 88605    2    0    0   49    0    0
 88619    1    0    0   63    0    0
 88632    1    0    1   65   69    0
 88632    2    0    1   37   53    0
 88878    1    0    0   65    0    0
 88902    2    0    0   37    0    0
 88905    1    0    1   63   69    0
 88905    2    0    1   44   53    0
 89150    1    0    0   63    0    0
 89171    2    0    0   44    0    0
 89178    1    0    1   61   69    0
 89178    2    0    1   49   53    0
 89423    1    0    0   61    0    0
 89447    2    0    0   49    0    0
 89450    1    0    1   60   59    0
 89450    1    0    1   68   59    0
 89451    2    0    1   41   53    0
 89716    2    0    0   41    0    0
 89723    2    0    1   48   53    0
 89969    1    0    0   68    0    0
 89969    1    0    0   60    0    0
 89989    2    0    0   48    0    0
 89996    1    0    1   61   69    0
 89996    2    0    1   53   80    0
 90432    2    0    0   53    0    0
 90487    1    0    0   61    0    0
 90541    1    0    1   61   69    0
 90541    2    0    1   42   80    0
 90787    1    0    0   61    0    0
 91060    2    0    0   42    0    0
 91087    1    0    1   85   56    0
 91087    2    0    1   49   53    0
 91324    1    0    0   85    0    0
 91325    1    0    1   85   56    0
 91332    2    0    0   49    0    0
 91332    1    0    0   85    0    0
 91359    1    0    1   87   56    0
 91360    2    0    1   56   53    0
 91605    2    0    0   56    0    0
 91605    1    0    0   87    0    0
 91632    2    0    1   49   53    0
 91632    1    0    1   85   56    0
 91878    2    0    0   49    0    0
 91878    1    0    0   85    0    0
 91905    1    0    1   94   56    0
 91905    1    0    1   82   56    0
 91905    2    0    1   42   53    0
 92150    1    0    0   94    0    0
 92150    1    0    0   82    0    0
 92151    2    0    0   42    0    0
 92178    1    0    1   92   56    0
 92178    1    0    1   80   80    0
 92178    2    0    1   49   53    0
 92423    1    0    0   80    0    0
 92423    1    0    0   92    0    0
 92423    2    0    0   49    0    0
 92451    2    0    1   54   53    0
 92696    2    0    0   54    0    0
 92723    2    0    1   49   53    0
 92723    1    0    1   61   69    0
 92846    1    0    0   61    0    0
 92859    1    0    1   63   69    0
 92969    2    0    0   49    0    0
 92982    1    0    0   63    0    0
 92996    2    0    1   37   53    0
 92996    1    0    1   65   69    0
 93241    1    0    0   65    0    0
 93265    2    0    0   37    0    0
 93269    2    0    1   44   53    0
 93269    1    0    1   63   69    0
 93514    1    0    0   63    0    0
 93535    2    0    0   44    0    0
 93541    2    0    1   49   53    0
 93541    1    0    1   61   69    0
 93787    1    0    0   61    0    0
 93811    2    0    0   49    0    0
 93814    1    0    1   60   59    0
 93814    1    0    1   68   59    0
 93814    2    0    1   41   53    0
 94080    2    0    0   41    0    0
 94087    2    0    1   49   53    0
 94332    1    0    0   60    0    0
 94332    1    0    0   68    0    0
 94353    2    0    0   49    0    0
 94359    1    0    1   61   69    0
 94360    2    0    1   53   80    0
 94796    2    0    0   53    0    0
 94850    1    0    0   61    0    0
 94905    2    0    1   42   53    0
 94905    1    0    1   61   69    0
 95150    1    0    0   61    0    0
 95423    2    0    0   42    0    0
 95450    1    0    1   85   55    0
 95451    2    0    1   49   53    0
 95688    1    0    0   85    0    0
 95689    1    0    1   85   55    0
 95696    1    0    0   85    0    0
 95696    2    0    0   49    0    0
 95723    1    0    1   87   55    0
 95723    2    0    1   56   53    0
 95969    1    0    0   87    0    0
 95969    2    0    0   56    0    0
 95996    1    0    1   85   55    0
 95996    2    0    1   49   53    0
 96241    1    0    0   85    0    0
 96241    2    0    0   49    0    0
 96269    1    0    1   82   55    0
 96269    2    0    1   42   53    0
 96269    1    0    1   94   55    0
 96514    1    0    0   94    0    0
 96514    2    0    0   42    0    0
 96514    1    0    0   82    0    0
 96541    1    0    1   80   80    0
 96541    2    0    1   49   53    0
 96541    1    0    1   92   55    0
 96787    1    0    0   92    0    0
 96787    2    0    0   49    0    0
 96787    1    0    0   80    0    0
 96814    2    0    1   54   53    0
 97060    2    0    0   54    0    0
 97087    1    0    1   61   69    0
 97087    2    0    1   49   53    0
 97209    1    0    0   61    0    0
 97223    1    0    1   63   69    0
 97332    2    0    0   49    0    0
 97346    1    0    0   63    0    0
 97359    1    0    1   65   69    0
 97360    2    0    1   37   53    0
 97605    1    0    0   65    0    0
 97629    2    0    0   37    0    0
 97632    1    0    1   63   69    0
 97632    2    0    1   44   53    0
 97878    1    0    0   63    0    0
 97898    2    0    0   44    0    0
 97905    1    0    1   61   69    0
 97905    2    0    1   49   53    0
 98150    1    0    0   61    0    0
 98174    2    0    0   49    0    0
 98178    1    0    1   68   59    0
 98178    2    0    1   41   53    0
 98178    1    0    1   60   59    0
 98444    2    0    0   41    0    0
 98451    2    0    1   48   80    0
 98696    1    0    0   68    0    0
 98696    1    0    0   60    0    0
 98722    2    0    0   48    0    0
 98723    1    0    1   61   69    0
 98723    2    0    1   53   80    0
 99160    2    0    0   53    0    0
 99214    1    0    0   61    0    0
 99269    2    0    1   42   80    0
 99269    2    0    1   49   80    0
 99269    1    0    1   61   69    0
 99787    2    0    0   42    0    0
 99787    2    0    0   49    0    0
 99814    2    0    1   49   53    0
 100060    2    0    0   49    0    0
 100087    2    0    1   56   53    0
 100332    2    0    0   56    0    0
 100360    2    0    1   49   53    0
 100523    1    0    0   61    0    0
 100605    2    0    0   49    0    0
 100632    2    0    1   56   58    0
 100878    2    0    0   56    0    0
 100905    2    0    1   49   55    0
 101151    2    0    0   49    0    0
 101178    2    0    1   56   80    0
 101423    2    0    0   56    0    0
 101450    1    0    1   73   67    0
 101451    2    0    1   49   80    0
 101573    1    0    0   73    0    0
 101587    1    0    1   75   67    0
 101696    2    0    0   49    0    0
 101709    1    0    0   75    0    0
 101723    1    0    1   68   67    0
 101723    2    0    1   37   63    0
 101723    1    0    1   77   67    0
 101969    1    0    0   77    0    0
 101969    2    0    0   37    0    0
 101969    1    0    0   68    0    0
 101996    1    0    1   75   67    0
 101996    2    0    1   44   63    0
 102241    1    0    0   75    0    0
 102241    2    0    0   44    0    0
 102269    1    0    1   73   67    0
 102269    2    0    1   49   63    0
 102514    1    0    0   73    0    0
 102514    2    0    0   49    0    0
 102541    1    0    1   72   67    0
 102541    2    0    1   41   56    0
 102541    1    0    1   80   67    0
 102787    2    0    0   41    0    0
 102814    2    0    1   49   63    0
 103059    1    0    0   72    0    0
 103059    1    0    0   80    0    0
 103060    2    0    0   49    0    0
 103087    1    0    1   73   67    0
 103087    2    0    1   53   63    0
 103523    2    0    0   53    0    0
 103578    1    0    0   73    0    0
 103632    1    0    1   73   56    0
 103632    1    0    1   70   56    0
 103632    1    0    1   66   56    0
 103632    2    0    1   42   63    0
 103878    1    0    0   66    0    0
 103878    1    0    0   73    0    0
 103878    1    0    0   70    0    0
 104151    2    0    0   42    0    0
 104178    1    0    1   85   59    0
 104178    2    0    1   49   63    0
 104415    1    0    0   85    0    0
 104416    1    0    1   85   59    0
 104423    2    0    0   49    0    0
 104423    1    0    0   85    0    0
 104450    1    0    1   87   59    0
 104451    2    0    1   56   63    0
 104696    2    0    0   56    0    0
 104696    1    0    0   87    0    0
 104723    2    0    1   49   63    0
 104723    1    0    1   85   59    0
 104969    2    0    0   49    0    0
 104969    1    0    0   85    0    0
 104996    2    0    1   54   63    0
 104996    1    0    1   94   59    0
 104996    1    0    1   82   59    0
 105241    2    0    0   54    0    0
 105241    1    0    0   82    0    0
 105241    1    0    0   94    0    0
 105269    2    0    1   49   63    0
 105269    1    0    1   92   59    0
 105269    1    0    1   80   80    0
 105514    2    0    0   49    0    0
 105514    1    0    0   80    0    0
 105514    1    0    0   92    0    0
 105541    2    0    1   56   63    0
 105787    2    0    0   56    0    0
 105814    2    0    1   49   63    0
 105814    1    0    1   73   67    0
 105937    1    0    0   73    0    0
 105950    1    0    1   75   67    0
 106060    2    0    0   49    0    0
 106073    1    0    0   75    0    0
 106087    2    0    1   37   63    0
 106087    1    0    1   77   67    0
 106087    1    0    1   68   67    0
 106332    2    0    0   37    0    0
 106332    1    0    0   68    0    0
 106332    1    0    0   77    0    0
 106359    1    0    1   75   67    0
 106360    2    0    1   44   63    0
 106605    2    0    0   44    0    0
 106605    1    0    0   75    0    0
 106632    2    0    1   49   63    0
 106632    1    0    1   73   67    0
 106878    2    0    0   49    0    0
 106878    1    0    0   73    0    0
 106905    2    0    1   41   56    0
 106905    1    0    1   80   67    0
 106905    1    0    1   72   67    0
 107151    2    0    0   41    0    0
 107178    2    0    1   49   63    0
 107423    2    0    0   49    0    0
 107423    1    0    0   72    0    0
 107423    1    0    0   80    0    0
 107450    1    0    1   73   67    0
 107451    2    0    1   53   63    0
 107887    2    0    0   53    0    0
 107941    1    0    0   73    0    0
 107996    1    0    1   66   55    0
 107996    1    0    1   73   55    0
 107996    2    0    1   42   63    0
 107996    1    0    1   70   55    0
 108241    1    0    0   70    0    0
 108241    1    0    0   66    0    0
 108241    1    0    0   73    0    0
 108514    2    0    0   42    0    0
 108541    2    0    1   49   63    0
 108541    1    0    1   85   59    0
 108779    1    0    0   85    0    0
 108780    1    0    1   85   59    0
 108787    1    0    0   85    0    0
 108787    2    0    0   49    0    0
 108814    1    0    1   87   59    0
 108814    2    0    1   56   63    0
 109059    1    0    0   87    0    0
 109060    2    0    0   56    0    0
 109087    1    0    1   85   59    0
 109087    2    0    1   49   63    0
 109332    1    0    0   85    0    0
 109332    2    0    0   49    0    0
 109359    1    0    1   94   59    0
 109359    1    0    1   82   59    0
 109360    2    0    1   54   63    0
 109605    1    0    0   82    0    0
 109605    1    0    0   94    0    0
 109605    2    0    0   54    0    0
 109632    1    0    1   92   59    0
 109632    1    0    1   80   80    0
 109632    2    0    1   49   63    0
 109878    1    0    0   80    0    0
 109878    1    0    0   92    0    0
 109878    2    0    0   49    0    0
 109905    2    0    1   56   63    0
 110151    2    0    0   56    0    0
 110178    1    0    1   73   67    0
 110178    2    0    1   49   63    0
 110300    1    0    0   73    0    0
 110314    1    0    1   75   67    0
 110423    2    0    0   49    0    0
 110437    1    0    0   75    0    0
 110450    1    0    1   77   67    0
 110450    1    0    1   68   67    0
 110451    2    0    1   37   63    0
 110696    1    0    0   68    0    0
 110696    1    0    0   77    0    0
 110696    2    0    0   37    0    0
 110723    1    0    1   75   67    0
 110723    2    0    1   44   63    0
 110969    1    0    0   75    0    0
 110969    2    0    0   44    0    0
 110996    1    0    1   73   67    0
 110996    2    0    1   49   63    0
 111241    1    0    0   73    0    0
 111241    2    0    0   49    0    0
 111269    1    0    1   80   67    0
 111269    1    0    1   72   67    0
 111269    2    0    1   41   56    0
 111514    2    0    0   41    0    0
 111541    2    0    1   49   63    0
 111787    1    0    0   72    0    0
 111787    1    0    0   80    0    0
 111787    2    0    0   49    0    0
 111814    1    0    1   73   67    0
 111814    2    0    1   53   63    0
 112251    2    0    0   53    0    0
 112305    1    0    0   73    0    0
 112359    1    0    1   66   53    0
 112359    1    0    1   73   53    0
 112359    1    0    1   70   53    0
 112360    2    0    1   42   63    0
 112605    1    0    0   73    0    0
 112605    1    0    0   70    0    0
 112605    1    0    0   66    0    0
 112878    2    0    0   42    0    0
 112905    1    0    1   85   59    0
 112905    2    0    1   49   61    0
 113143    1    0    0   85    0    0
 113144    1    0    1   85   59    0
 113150    1    0    0   85    0    0
 113151    2    0    0   49    0    0
 113178    2    0    1   56   61    0
 113178    1    0    1   87   59    0
 113423    2    0    0   56    0    0
 113423    1    0    0   87    0    0
 113450    1    0    1   85   59    0
 113451    2    0    1   49   61    0
 113696    2    0    0   49    0    0
 113696    1    0    0   85    0    0
 113723    1    0    1   82   59    0
 113723    2    0    1   54   61    0
 113723    1    0    1   94   59    0
 113969    1    0    0   94    0    0
 113969    2    0    0   54    0    0
 113969    1    0    0   82    0    0
 113996    1    0    1   80   80    0
 113996    2    0    1   49   56    0
 113996    1    0    1   92   59    0
 114241    1    0    0   92    0    0
 114241    2    0    0   49    0    0
 114241    1    0    0   80    0    0
 114269    2    0    1   56   61    0
 114514    2    0    0   56    0    0
 114541    2    0    1   49   56    0
 114541    1    0    1   73   62    0
 114664    1    0    0   73    0    0
 114678    1    0    1   75   62    0
 114787    2    0    0   49    0    0
 114800    1    0    0   75    0    0
 114814    1    0    1   68   62    0
 114814    2    0    1   37   63    0
 114814    1    0    1   77   62    0
 115059    1    0    0   77    0    0
 115059    1    0    0   68    0    0
 115060    2    0    0   37    0    0
 115087    2    0    1   44   63    0
 115087    1    0    1   75   61    0
 115332    2    0    0   44    0    0
 115332    1    0    0   75    0    0
 115359    1    0    1   73   61    0
 115360    2    0    1   49   63    0
 115605    2    0    0   49    0    0
 115605    1    0    0   73    0    0
 115632    1    0    1   72   60    0
 115632    2    0    1   41   56    0
 115632    1    0    1   80   60    0
 115878    2    0    0   41    0    0
 115905    2    0    1   49   63    0
 116150    1    0    0   80    0    0
 116150    1    0    0   72    0    0
 116151    2    0    0   49    0    0
 116178    1    0    1   68   59    0
 116178    2    0    1   53   63    0
 116178    1    0    1   73   59    0
 116614    2    0    0   53    0    0
 116669    1    0    0   68    0    0
 116669    1    0    0   73    0    0
 116723    2    0    1   42   63    0
 116723    1    0    1   68   53    0
 116723    1    0    1   70   80    0
 116723    1    0    1   73   53    0
 117241    2    0    0   42    0    0
 117241    1    0    0   70    0    0
 117241    1    0    0   73    0    0
 117241    1    0    0   68    0    0
 117269    2    0    1   49   40    0
 117269    1    0    1   61   51    0
 117514    2    0    0   49    0    0
 117514    1    0    0   61    0    0
 117541    2    0    1   56   40    0
 117541    1    0    1   68   51    0
 117787    1    0    0   68    0    0
 117814    1    0    1   63   51    0
 118332    1    0    0   63    0    0
 118359    1    0    1   61   50    0
 118605    1    0    0   61    0    0
 118632    1    0    1   68   50    0
 118878    1    0    0   68    0    0
 118905    1    0    1   63   48    0
 119423    1    0    0   63    0    0
 119450    1    0    1   61   46    0
 119696    1    0    0   61    0    0
 119723    1    0    1   68   45    0
 119969    1    0    0   68    0    0
 119996    1    0    1   63   45    0
 120514    1    0    0   63    0    0
 120541    1    0    1   73   50    0
 120787    1    0    0   73    0    0
 120814    1    0    1   75   54    0
 121059    1    0    0   75    0    0
 121087    1    0    1   73   60    0
 121141    2    0    0   56    0    0
 121325    1    0    1   75   57    0
 121332    1    0    0   73    0    0
 121357    1    0    0   75    0    0
 121359    1    0    1   68   57    0
 121359    1    0    1   77   57    0
 121360    2    0    1   49   49    0
 121605    2    0    0   49    0    0
 121632    2    0    1   56   49    0
 121878    2    0    0   56    0    0
 121903    1    0    0   68    0    0
 121903    1    0    0   77    0    0
 121905    2    0    1   61   49    0
 121905    1    0    1   80   57    0
 122150    1    0    0   80    0    0
 122151    2    0    0   61    0    0
 122178    2    0    1   53   49    0
 122178    1    0    1   72   57    0
 122423    2    0    0   53    0    0
 122451    2    0    1   61   49    0
 122669    1    0    0   72    0    0
 122723    1    0    1   73   57    0
 122941    2    0    0   61    0    0
 122996    2    0    1   65   49    0
 123214    1    0    0   73    0    0
 123269    1    0    1   73   57    0
 123269    1    0    1   68   57    0
 123487    2    0    0   65    0    0
 123541    2    0    1   54   49    0
 123832    2    0    0   54    0    0
 123864    2    0    1   61   49    0
 124154    2    0    0   61    0    0
 124187    2    0    1   66   49    0
 124477    2    0    0   66    0    0
 124508    2    0    0   68    0    0
 124509    2    0    1   68   49    0
 124703    1    0    0   68    0    0
 124703    1    0    0   73    0    0
 125154    1    0    1   73   57    0
 125435    1    0    0   73    0    0
 125436    1    0    1   73   57    0
 125444    1    0    0   73    0    0
 125477    1    0    1   75   57    0
 125767    1    0    0   75    0    0
 125799    1    0    1   73   57    0
 126082    1    0    1   75   57    0
 126090    1    0    0   73    0    0
 126122    1    0    1   77   57    0
 126122    1    0    1   68   57    0
 126122    2    0    1   49   49    0
 126149    1    0    0   75    0    0
 126368    2    0    0   49    0    0
 126395    2    0    1   56   49    0
 126613    1    0    0   77    0    0
 126613    1    0    0   68    0    0
 126640    2    0    0   56    0    0
 126667    1    0    1   73   57    0
 126667    1    0    1   80   57    0
 126668    2    0    1   61   49    0
 126913    1    0    0   73    0    0
 126913    1    0    0   80    0    0
 126913    2    0    0   61    0    0
 126940    1    0    1   84   57    0
 126940    1    0    1   75   57    0
 126940    2    0    1   53   49    0
 127186    2    0    0   53    0    0
 127213    2    0    1   56   49    0
 127458    1    0    0   84    0    0
 127458    1    0    0   75    0    0
 127486    1    0    1   85   57    0
 127486    1    0    1   77   57    0
 127646    2    0    0   56    0    0
 127731    1    0    0   77    0    0
 127731    1    0    0   85    0    0
 127758    1    0    1   80   57    0
 127758    1    0    1   73   57    0
 127758    2    0    1   61   49    0
 127962    1    0    0   80    0    0
 127963    1    0    1   80   80    0
 128004    1    0    0   73    0    0
 128004    1    0    0   80    0    0
 128031    1    0    1   73   57    0
 128031    1    0    1   82   57    0
 128191    2    0    0   61    0    0
 128304    2    0    1   54   49    0
 128574    1    0    0   82    0    0
 128574    2    0    0   54    0    0
 128574    1    0    0   73    0    0
 128604    1    0    1   80   57    0
 128604    2    0    1   61   49    0
 128874    2    0    0   61    0    0
 128904    2    0    1   68   49    0
 129144    1    0    0   80    0    0
 129204    1    0    1   73   57    0
 129774    1    0    0   73    0    0
 129804    1    0    1   73   57    0
 130065    1    0    0   73    0    0
 130066    1    0    1   73   57    0
 130074    1    0    0   73    0    0
 130104    1    0    1   75   57    0
 130374    1    0    0   75    0    0
 130404    1    0    1   73   57    0
 130666    1    0    1   75   57    0
 130674    1    0    0   73    0    0
 130701    1    0    0   75    0    0
 130703    1    0    0   68    0    0
 130704    1    0    1   68   57    0
 130704    1    0    1   77   57    0
 130704    2    0    1   49   49    0
 130705    2    0    0   68    0    0
 130949    2    0    0   49    0    0
 130977    2    0    1   56   49    0
 131222    2    0    0   56    0    0
 131247    1    0    0   77    0    0
 131249    1    0    1   80   57    0
 131249    2    0    1   61   49    0
 131495    1    0    0   80    0    0
 131495    2    0    0   61    0    0
 131522    1    0    1   72   57    0
 131522    2    0    1   53   49    0
 131768    2    0    0   53    0    0
 131795    2    0    1   61   49    0
 132013    1    0    0   72    0    0
 132067    1    0    1   73   57    0
 132286    2    0    0   61    0    0
 132340    2    0    1   65   49    0
 132558    1    0    0   73    0    0
 132613    1    0    1   68   57    0
 132613    1    0    1   73   57    0
 132831    2    0    0   65    0    0
 132886    2    0    1   54   49    0
 133156    2    0    0   54    0    0
 133186    2    0    1   61   49    0
 133365    1    0    0   68    0    0
 133365    1    0    0   73    0    0
 133485    1    0    1   66   57    0
 133755    1    0    0   66    0    0
 133785    1    0    1   68   57    0
 134355    1    0    0   68    0    0
 134385    1    0    1   73   57    0
 134647    1    0    0   73    0    0
 134648    1    0    1   73   57    0
 134655    1    0    0   73    0    0
 134685    1    0    1   75   57    0
 134955    1    0    0   75    0    0
 134985    1    0    1   73   57    0
 135166    2    0    0   61    0    0
 135248    1    0    1   75   57    0
 135255    1    0    0   73    0    0
 135285    1    0    1   68   57    0
 135285    1    0    1   77   57    0
 135286    2    0    1   49   49    0
 135313    1    0    0   75    0    0
 135531    2    0    0   49    0    0
 135558    2    0    1   56   49    0
 135776    1    0    0   77    0    0
 135776    1    0    0   68    0    0
 135804    2    0    0   56    0    0
 135831    1    0    1   73   57    0
 135831    2    0    1   61   49    0
 135831    1    0    1   80   57    0
 136076    1    0    0   80    0    0
 136076    1    0    0   73    0    0
 136077    2    0    0   61    0    0
 136104    1    0    1   75   57    0
 136104    2    0    1   53   49    0
 136104    1    0    1   84   57    0
 136349    2    0    0   53    0    0
 136377    2    0    1   56   49    0
 136646    1    0    0   84    0    0
 136646    1    0    0   75    0    0
 136676    1    0    1   85   57    0
 136676    1    0    1   77   57    0
 136857    2    0    0   56    0    0
 136946    1    0    0   77    0    0
 136946    1    0    0   85    0    0
 136976    1    0    1   73   57    0
 136976    1    0    1   80   57    0
 136977    2    0    1   61   49    0
 137200    1    0    0   80    0    0
 137201    1    0    1   80   80    0
 137246    1    0    0   73    0    0
 137246    1    0    0   80    0    0
 137276    1    0    1   73   57    0
 137276    1    0    1   82   57    0
 137457    2    0    0   61    0    0
 137577    2    0    1   54   49    0
 137876    1    0    0   73    0    0
 137876    1    0    0   82    0    0
 137877    2    0    0   54    0    0
 137910    1    0    1   80   57    0
 137910    2    0    1   61   49    0
 138176    1    0    0   80    0    0
 138243    1    0    1   68   57    0
 138543    1    0    0   68    0    0
 138576    1    0    1   73   57    0
 138876    1    0    0   73    0    0
 139576    1    0    1   82   57    0
 139876    1    0    0   82    0    0
 139910    1    0    1   84   57    0
 140110    2    0    0   61    0    0
 140210    1    0    0   84    0    0
 140243    2    0    1   58   49    0
 140243    1    0    1   85   57    0
 140243    1    0    1   77   57    0
 140500    2    0    0   58    0    0
 140529    2    0    1   65   49    0
 140757    1    0    0   77    0    0
 140757    1    0    0   85    0    0
 140814    1    0    1   73   57    0
 141071    1    0    0   73    0    0
 141100    1    0    1   75   57    0
 141100    1    0    1   84   57    0
 141643    1    0    0   75    0    0
 141643    1    0    0   84    0    0
 141671    1    0    1   72   57    0
 141671    1    0    1   80   57    0
 142186    1    0    0   72    0    0
 142186    1    0    0   80    0    0
 142207    1    0    1   80   57    0
 142243    1    0    1   73   57    0
 142243    1    0    1   82   57    0
 142271    1    0    0   80    0    0
 142529    2    0    0   65    0    0
 142529    2    0    1   54   49    0
 142786    2    0    0   54    0    0
 142786    1    0    0   73    0    0
 142786    1    0    0   82    0    0
 142814    1    0    1   80   57    0
 142815    2    0    1   61   49    0
 143072    2    0    0   61    0    0
 143100    2    0    1   68   49    0
 143329    1    0    0   80    0    0
 143386    1    0    1   73   57    0
 143900    1    0    0   73    0    0
 143957    1    0    1   75   57    0
 144456    1    0    0   75    0    0
 144457    1    0    1   75   80    0
 144471    1    0    0   75    0    0
 144528    1    0    0   68    0    0
 144529    1    0    1   68   57    0
 144529    1    0    1   77   57    0
 144815    2    0    0   68    0    0
 144815    2    0    1   49   49    0
 145060    1    0    0   77    0    0
 145060    2    0    0   49    0    0
 145087    1    0    1   68   57    0
 145087    2    0    1   56   49    0
 145333    1    0    0   68    0    0
 145333    2    0    0   56    0    0
 145360    1    0    1   80   57    0
 145360    2    0    1   61   49    0
 145605    1    0    0   80    0    0
 145633    1    0    1   75   57    0
 145851    2    0    0   61    0    0
 145906    2    0    1   48   49    0
 146151    1    0    0   75    0    0
 146151    2    0    0   48    0    0
 146178    1    0    1   68   57    0
 146178    2    0    1   56   49    0
 146423    1    0    0   68    0    0
 146424    2    0    0   56    0    0
 146451    1    0    1   80   57    0
 146451    2    0    1   60   49    0
 146696    1    0    0   80    0    0
 146723    1    0    1   78   57    0
 146942    2    0    0   60    0    0
 146997    2    0    1   46   49    0
 147242    1    0    0   78    0    0
 147242    2    0    0   46    0    0
 147269    1    0    1   77   57    0
 147269    2    0    1   53   49    0
 147514    1    0    0   77    0    0
 147542    1    0    1   75   57    0
 147787    1    0    0   75    0    0
 147814    1    0    1   73   57    0
 148060    1    0    0   73    0    0
 148633    1    0    1   73   57    0
 148633    1    0    1   82   57    0
 148878    1    0    0   73    0    0
 148878    1    0    0   82    0    0
 148905    1    0    1   75   57    0
 148905    1    0    1   84   57    0
 149069    2    0    0   53    0    0
 149151    1    0    0   84    0    0
 149151    1    0    0   75    0    0
 149178    1    0    1   78   57    0
 149178    2    0    1   54   49    0
 149178    1    0    1   85   57    0
 149424    2    0    0   54    0    0
 149451    2    0    1   61   49    0
 149697    2    0    0   61    0    0
 149724    2    0    1   68   49    0
 149996    1    0    1   75   57    0
 149996    1    0    0   85    0    0
 149996    1    0    0   78    0    0
 149996    1    0    1   84   57    0
 150433    1    0    0   75    0    0
 150433    1    0    0   84    0    0
 150542    1    0    1   72   57    0
 150542    1    0    1   80   57    0
 151033    1    0    0   72    0    0
 151033    1    0    0   80    0    0
 151053    1    0    1   80   57    0
 151087    1    0    1   73   57    0
 151087    1    0    1   82   57    0
 151114    1    0    0   80    0    0
 151360    2    0    0   68    0    0
 151360    2    0    1   53   49    0
 151605    1    0    0   73    0    0
 151605    1    0    0   82    0    0
 151606    2    0    0   53    0    0
 151633    1    0    1   80   57    0
 151633    2    0    1   61   49    0
 151878    2    0    0   61    0    0
 151906    2    0    1   65   49    0
 152123    1    0    0   80    0    0
 152178    1    0    1   73   57    0
 152669    1    0    0   73    0    0
 152723    1    0    1   75   57    0
 153357    1    0    1   63   57    0
 153419    1    0    1   68   57    0
 153419    1    0    0   63    0    0
 153480    1    0    1   70   57    0
 153480    1    0    0   68    0    0
 153541    1    0    0   75    0    0
 153542    1    0    0   70    0    0
 153542    2    0    0   65    0    0
 153542    2    0    1   51   49    0
 153542    1    0    1   75   57    0
 153543    1    0    0   75    0    0
 153787    2    0    0   51    0    0
 153815    2    0    1   58   49    0
 154060    2    0    0   58    0    0
 154087    2    0    1   61   49    0
 154360    1    0    1   66   57    0
 154524    2    0    0   61    0    0
 154633    2    0    1   63   49    0
 154796    1    0    0   66    0    0
 154905    1    0    1   68   57    0
 155069    2    0    0   63    0    0
 155178    2    0    1   61   49    0
 155396    1    0    0   68    0    0
 155451    1    0    1   70   57    0
 155615    2    0    0   61    0    0
 155969    1    0    0   70    0    0
 155996    1    0    1   73   53    0
 156487    1    0    0   73    0    0
 156542    1    0    1   75   58    0
 157796    1    0    0   75    0    0
 157905    1    0    1   65   64    0
 157905    1    0    1   73   64    0
 157906    2    0    1   46   54    0
 158151    2    0    0   46    0    0
 158178    2    0    1   53   54    0
 158424    2    0    0   53    0    0
 158451    2    0    1   61   54    0
 158723    1    0    1   72   64    0
 158723    1    0    1   63   64    0
 158723    1    0    0   73    0    0
 158723    1    0    0   65    0    0
 159242    2    0    0   61    0    0
 159242    1    0    0   63    0    0
 159242    1    0    0   72    0    0
 159269    1    0    1   70   64    0
 159760    1    0    0   70    0    0
 159814    1    0    1   68   64    0
 160087    2    0    1   48   54    0
 160357    2    0    0   48    0    0
 160357    1    0    0   68    0    0
 160387    2    0    1   56   54    0
 160387    1    0    1   63   64    0
 160657    2    0    0   56    0    0
 160687    2    0    1   60   54    0
 160927    1    0    0   63    0    0
 160987    1    0    1   75   64    0
 161467    1    0    0   75    0    0
 161587    1    0    1   68   64    0
 162487    1    0    1   77   64    0
 162487    2    0    0   60    0    0
 162487    2    0    1   49   54    0
 162487    1    0    0   68    0    0
 162488    1    0    1   68   64    0
 162733    2    0    0   49    0    0
 162760    2    0    1   56   54    0
 162978    1    0    0   77    0    0
 162978    1    0    0   68    0    0
 163006    2    0    0   56    0    0
 163032    1    0    1   78   64    0
 163033    2    0    1   61   54    0
 163278    2    0    0   61    0    0
 163278    1    0    0   78    0    0
 163305    1    0    1   68   80    0
 163305    1    0    1   77   64    0
 163578    2    0    1   48   54    0
 163823    1    0    0   77    0    0
 163823    1    0    0   68    0    0
 163824    2    0    0   48    0    0
 163851    2    0    1   56   54    0
 163851    1    0    1   75   64    0
 164069    2    0    0   56    0    0
 164124    2    0    1   60   54    0
 164341    1    0    0   75    0    0
 164396    1    0    1   73   64    0
 164560    2    0    0   60    0    0
 164669    2    0    1   46   54    0
 164914    1    0    0   73    0    0
 164915    2    0    0   46    0    0
 164941    1    0    1   65   64    0
 164942    2    0    1   53   54    0
 165160    1    0    0   65    0    0
 165187    2    0    0   53    0    0
 165214    1    0    1   70   80    0
 165215    2    0    1   61   54    0
 165460    1    0    0   70    0    0
 165487    1    0    1   73   64    0
 165706    2    0    0   61    0    0
 165760    2    0    1   44   54    0
 166005    1    0    0   73    0    0
 166006    2    0    0   44    0    0
 166032    1    0    1   65   64    0
 166033    2    0    1   53   54    0
 166251    2    0    0   53    0    0
 166251    1    0    0   65    0    0
 166305    1    0    1   68   80    0
 166306    2    0    1   63   54    0
 166551    1    0    0   68    0    0
 166578    1    0    1   70   64    0
 166742    2    0    0   63    0    0
 166851    2    0    1   43   54    0
 167096    2    0    0   43    0    0
 167124    2    0    1   51   54    0
 167369    2    0    0   51    0    0
 167396    2    0    1   53   54    0
 167642    2    0    0   53    0    0
 167669    2    0    1   58   54    0
 168187    1    0    0   70    0    0
 168214    1    0    1   65   64    0
 168705    1    0    0   65    0    0
 168760    1    0    1   63   64    0
 168924    2    0    0   58    0    0
 169033    2    0    1   42   54    0
 169278    2    0    0   42    0    0
 169306    2    0    1   51   54    0
 169551    2    0    0   51    0    0
 169578    2    0    1   53   54    0
 169824    2    0    0   53    0    0
 169851    2    0    1   58   54    0
 170014    1    0    0   63    0    0
 170396    1    0    1   70   64    0
 170641    1    0    0   70    0    0
 170669    1    0    1   72   64    0
 170914    1    0    0   72    0    0
 170941    1    0    1   68   64    0
 171106    2    0    0   58    0    0
 171215    2    0    1   41   54    0
 171460    2    0    0   41    0    0
 171487    2    0    1   44   54    0
 171733    2    0    0   44    0    0
 171760    2    0    1   53   54    0
 172006    2    0    0   53    0    0
 172032    1    0    1   60   63    0
 172032    1    0    0   68    0    0
 172033    2    0    1   56   54    0
 172469    1    0    0   60    0    0
 172578    1    0    1   63   63    0
 173069    1    0    0   63    0    0
 173123    1    0    1   61   63    0
 173287    2    0    0   56    0    0
 173396    2    0    1   46   54    0
 173641    1    0    0   61    0    0
 173642    2    0    0   46    0    0
 173669    2    0    1   53   54    0
 173669    1    0    1   73   63    0
 173669    1    0    1   65   63    0
 173915    2    0    0   53    0    0
 173942    2    0    1   56   54    0
 174160    1    0    0   73    0    0
 174160    1    0    0   65    0    0
 174214    1    0    1   72   63    0
 174214    1    0    1   63   63    0
 174705    1    0    0   72    0    0
 174705    1    0    0   63    0    0
 174760    1    0    1   60   63    0
 174760    1    0    1   68   63    0
 174924    2    0    0   56    0    0
 175033    2    0    1   46   54    0
 175524    2    0    0   46    0    0
 175578    2    0    1   39   54    0
 175578    1    0    1   66   51    0
 175578    1    0    0   60    0    0
 175578    1    0    0   68    0    0
 175578    1    0    1   58   51    0
 175578    1    0    1   61   51    0
 175824    2    0    0   39    0    0
 175851    2    0    1   46   54    0
 176069    1    0    0   66    0    0
 176069    1    0    0   58    0    0
 176069    1    0    0   61    0    0
 176096    2    0    0   46    0    0
 176123    1    0    1   65   63    0
 176124    2    0    1   54   54    0
 176369    1    0    0   65    0    0
 176396    1    0    1   61   63    0
 176914    1    0    0   61    0    0
 176941    1    0    1   58   63    0
 177759    1    0    0   54    0    0
 177760    1    0    1   54   52    0
 177760    1    0    0   58    0    0
 177760    2    0    1   44   54    0
 177761    2    0    0   54    0    0
 177828    1    0    1   58   53    0
 177896    1    0    1   61   55    0
 177964    1    0    1   65   56    0
 178701    1    0    0   58    0    0
 178769    1    0    0   61    0    0
 178837    1    0    0   65    0    0
 178851    1    0    1   66   59    0
 179832    1    0    0   66    0    0
 179941    1    0    1   70   58    0
 180923    1    0    0   70    0    0
 180924    2    0    0   44    0    0
 181032    1    0    1   68   49    0
 181278    1    0    0   68    0    0
 181305    1    0    1   73   53    0
 181509    1    0    0   73    0    0
 181510    1    0    1   73   80    0
 181551    1    0    0   73    0    0
 181578    1    0    1   75   56    0
 181823    1    0    0   75    0    0
 181851    1    0    1   73   60    0
 182089    1    0    1   75   60    0
 182096    1    0    0   73    0    0
 182123    1    0    1   68   60    0
 182123    1    0    1   77   60    0
 182124    2    0    1   37   54    0
 182151    1    0    0   75    0    0
 182369    2    0    0   37    0    0
 182396    2    0    1   44   54    0
 182614    1    0    0   77    0    0
 182614    1    0    0   68    0    0
 182642    2    0    0   44    0    0
 182669    2    0    1   49   54    0
 182669    1    0    1   80   63    0
 182914    1    0    0   80    0    0
 182915    2    0    0   49    0    0
 182941    1    0    1   72   63    0
 182942    2    0    1   41   54    0
 183187    2    0    0   41    0    0
 183215    2    0    1   49   54    0
 183433    2    0    0   49    0    0
 183460    1    0    0   72    0    0
 183487    2    0    1   53   80    0
 183487    1    0    1   73   63    0
 183924    2    0    0   53    0    0
 183978    1    0    0   73    0    0
 184032    1    0    1   73   80    0
 184032    1    0    1   70   80    0
 184032    1    0    1   68   80    0
 184033    2    0    1   42   54    0
 184278    1    0    0   70    0    0
 184278    1    0    0   68    0    0
 184278    1    0    0   73    0    0
 184551    2    0    0   42    0    0
 184578    2    0    1   49   54    0
 184578    1    0    1   85   63    0
 184815    1    0    0   85    0    0
 184816    1    0    1   85   63    0
 184823    1    0    0   85    0    0
 184824    2    0    0   49    0    0
 184851    1    0    1   87   63    0
 184851    2    0    1   56   54    0
 185096    1    0    0   87    0    0
 185096    2    0    0   56    0    0
 185123    1    0    1   85   63    0
 185124    2    0    1   49   54    0
 185369    1    0    0   85    0    0
 185369    2    0    0   49    0    0
 185396    2    0    1   54   54    0
 185396    1    0    1   94   63    0
 185396    1    0    1   82   63    0
 185641    1    0    0   82    0    0
 185641    1    0    0   94    0    0
 185642    2    0    0   54    0    0
 185669    2    0    1   49   54    0
 185669    1    0    1   92   63    0
 185669    1    0    1   80   80    0
 185914    1    0    0   80    0    0
 185914    1    0    0   92    0    0
 185915    2    0    0   49    0    0
 185942    2    0    1   56   54    0
 186187    2    0    0   56    0    0
 186214    1    0    1   73   63    0
 186215    2    0    1   49   54    0
 186337    1    0    0   73    0    0
 186351    1    0    1   75   63    0
 186460    2    0    0   49    0    0
 186473    1    0    0   75    0    0
 186487    2    0    1   37   54    0
 186487    1    0    1   77   63    0
 186487    1    0    1   68   63    0
 186732    1    0    0   68    0    0
 186732    1    0    0   77    0    0
 186733    2    0    0   37    0    0
 186760    1    0    1   75   63    0
 186760    2    0    1   44   54    0
 187005    1    0    0   75    0    0
 187006    2    0    0   44    0    0
 187032    1    0    1   73   63    0
 187033    2    0    1   49   54    0
 187278    1    0    0   73    0    0
 187278    2    0    0   49    0    0
 187305    1    0    1   80   63    0
 187305    1    0    1   72   63    0
 187306    2    0    1   41   54    0
 187551    2    0    0   41    0    0
 187578    2    0    1   49   54    0
 187796    2    0    0   49    0    0
 187823    1    0    0   80    0    0
 187823    1    0    0   72    0    0
 187851    1    0    1   73   63    0
 187851    2    0    1   53   80    0
 188287    2    0    0   53    0    0
 188341    1    0    0   73    0    0
 188396    1    0    1   73   63    0
 188396    1    0    1   70   63    0
 188396    1    0    1   68   63    0
 188396    2    0    1   42   54    0
 188641    1    0    0   73    0    0
 188641    1    0    0   70    0    0
 188641    1    0    0   68    0    0
 188915    2    0    0   42    0    0
 188941    1    0    1   85   63    0
 188942    2    0    1   49   54    0
 189179    1    0    0   85    0    0
 189180    1    0    1   85   63    0
 189187    2    0    0   49    0    0
 189187    1    0    0   85    0    0
 189214    1    0    1   87   63    0
 189215    2    0    1   56   54    0
 189460    2    0    0   56    0    0
 189460    1    0    0   87    0    0
 189487    2    0    1   49   54    0
 189487    1    0    1   85   63    0
 189732    1    0    0   85    0    0
 189733    2    0    0   49    0    0
 189760    1    0    1   94   63    0
 189760    1    0    1   82   63    0
 189760    2    0    1   54   54    0
 190005    1    0    0   94    0    0
 190005    1    0    0   82    0    0
 190006    2    0    0   54    0    0
 190032    1    0    1   80   80    0
 190032    1    0    1   92   63    0
 190033    2    0    1   49   54    0
 190278    1    0    0   80    0    0
 190278    1    0    0   92    0    0
 190278    2    0    0   49    0    0
 190306    2    0    1   56   54    0
 190551    2    0    0   56    0    0
 190578    2    0    1   49   54    0
 190578    1    0    1   73   63    0
 190701    1    0    0   73    0    0
 190714    1    0    1   75   63    0
 190824    2    0    0   49    0    0
 190837    1    0    0   75    0    0
 190851    1    0    1   77   63    0
 190851    1    0    1   68   63    0
 190851    2    0    1   37   54    0
 191096    1    0    0   68    0    0
 191096    1    0    0   77    0    0
 191096    2    0    0   37    0    0
 191123    1    0    1   75   63    0
 191124    2    0    1   44   54    0
 191369    2    0    0   44    0    0
 191369    1    0    0   75    0    0
 191396    2    0    1   49   54    0
 191396    1    0    1   73   63    0
 191641    1    0    0   73    0    0
 191642    2    0    0   49    0    0
 191669    1    0    1   80   63    0
 191669    1    0    1   72   63    0
 191669    2    0    1   41   54    0
 191915    2    0    0   41    0    0
 191942    2    0    1   49   54    0
 192160    2    0    0   49    0    0
 192187    1    0    0   72    0    0
 192187    1    0    0   80    0    0
 192214    1    0    1   73   63    0
 192215    2    0    1   53   54    0
 192651    2    0    0   53    0    0
 192705    1    0    0   73    0    0
 192760    1    0    1   68   80    0
 192760    1    0    1   73   80    0
 192760    2    0    1   42   80    0
 192760    1    0    1   70   80    0
 193005    1    0    0   68    0    0
 193005    1    0    0   73    0    0
 193005    1    0    0   70    0    0
 193278    2    0    0   42    0    0
 193306    2    0    1   49   54    0
 193551    2    0    0   49    0    0
 193578    1    0    1   92   80    0
 193578    1    0    1   85   80    0
 193578    2    0    1   56   54    0
 193701    1    0    0   92    0    0
 193701    1    0    0   85    0    0
 193714    1    0    1   87   80    0
 193824    2    0    0   56    0    0
 193837    1    0    0   87    0    0
 193851    2    0    1   49   54    0
 194096    2    0    0   49    0    0
 194123    1    0    1   73   63    0
 194123    1    0    1   80   80    0
 194124    2    0    1   54   54    0
 194246    1    0    0   80    0    0
 194246    1    0    0   73    0    0
 194260    1    0    1   75   63    0
 194369    2    0    0   54    0    0
 194382    1    0    0   75    0    0
 194396    2    0    1   49   54    0
 194642    2    0    0   49    0    0
 194669    1    0    1   61   80    0
 194669    1    0    1   68   80    0
 194669    2    0    1   56   54    0
 194791    1    0    0   61    0    0
 194791    1    0    0   68    0    0
 194805    1    0    1   63   80    0
 194915    2    0    0   56    0    0
 194928    1    0    0   63    0    0
 194942    2    0    1   49   54    0
 195146    1    0    1   63   80    0
 195187    2    0    0   49    0    0
 195214    1    0    1   65   63    0
 195214    1    0    1   56   63    0
 195215    2    0    1   37   54    0
 195269    1    0    0   63    0    0
 195460    2    0    0   37    0    0
 195487    2    0    1   44   54    0
 195651    1    0    0   56    0    0
 195651    1    0    0   65    0    0
 195733    2    0    0   44    0    0
 195760    2    0    1   49   54    0
 195760    1    0    1   68   63    0
 196005    1    0    0   68    0    0
 196006    2    0    0   49    0    0
 196032    1    0    1   60   63    0
 196032    1    0    1   56   80    0
 196033    2    0    1   41   54    0
 196278    2    0    0   41    0    0
 196306    2    0    1   49   54    0
 196469    1    0    0   60    0    0
 196523    1    0    0   56    0    0
 196524    2    0    0   49    0    0
 196578    2    0    1   53   80    0
 196578    1    0    1   61   63    0
 197014    1    0    0   61    0    0
 197015    2    0    0   53    0    0
 197123    1    0    1   61   80    0
 197123    1    0    1   54   80    0
 197124    2    0    1   42   54    0
 197369    1    0    0   54    0    0
 197369    1    0    0   61    0    0
 197642    2    0    0   42    0    0
 197669    2    0    1   49   54    0
 197669    1    0    1   85   56    0
 197906    1    0    0   85    0    0
 197907    1    0    1   85   56    0
 197914    1    0    0   85    0    0
 197915    2    0    0   49    0    0
 197941    1    0    1   87   56    0
 197942    2    0    1   56   54    0
 198187    1    0    0   87    0    0
 198187    2    0    0   56    0    0
 198214    1    0    1   85   56    0
 198215    2    0    1   49   54    0
 198460    1    0    0   85    0    0
 198460    2    0    0   49    0    0
 198487    1    0    1   82   56    0
 198487    2    0    1   54   54    0
 198487    1    0    1   94   56    0
 198732    1    0    0   82    0    0
 198732    1    0    0   94    0    0
 198733    2    0    0   54    0    0
 198760    1    0    1   80   80    0
 198760    2    0    1   49   54    0
 198760    1    0    1   92   56    0
 199005    1    0    0   80    0    0
 199005    1    0    0   92    0    0
 199006    2    0    0   49    0    0
 199033    2    0    1   56   54    0
 199278    2    0    0   56    0    0
 199305    1    0    1   73   63    0
 199306    2    0    1   49   54    0
 199428    1    0    0   73    0    0
 199441    1    0    1   75   63    0
 199551    2    0    0   49    0    0
 199564    1    0    0   75    0    0
 199578    1    0    1   68   63    0
 199578    2    0    1   49   54    0
 199578    1    0    1   77   63    0
 199823    1    0    0   68    0    0
 199823    1    0    0   77    0    0
 199824    2    0    0   49    0    0
 199851    1    0    1   75   63    0
 199851    2    0    1   56   54    0
 200096    1    0    0   75    0    0
 200096    2    0    0   56    0    0
 200123    1    0    1   73   63    0
 200124    2    0    1   61   54    0
 200369    1    0    0   73    0    0
 200369    2    0    0   61    0    0
 200396    1    0    1   72   63    0
 200396    2    0    1   53   54    0
 200396    1    0    1   80   63    0
 200642    2    0    0   53    0    0
 200669    2    0    1   61   54    0
 200887    2    0    0   61    0    0
 200914    1    0    0   80    0    0
 200914    1    0    0   72    0    0
 200941    1    0    1   73   63    0
 200942    2    0    1   65   54    0
 201378    2    0    0   65    0    0
 201432    1    0    0   73    0    0
 201487    1    0    1   68   50    0
 201487    2    0    1   54   54    0
 201487    1    0    1   73   50    0
 201487    1    0    1   70   50    0
 201732    1    0    0   68    0    0
 201732    1    0    0   73    0    0
 201732    1    0    0   70    0    0
 201978    2    0    0   54    0    0
 202032    1    0    1   85   56    0
 202033    2    0    1   61   54    0
 202251    2    0    0   61    0    0
 202278    1    0    0   85    0    0
 202305    1    0    1   87   56    0
 202306    2    0    1   68   54    0
 202524    2    0    0   68    0    0
 202551    1    0    0   87    0    0
 202578    1    0    1   85   56    0
 202578    2    0    1   61   54    0
 202796    2    0    0   61    0    0
 202823    1    0    0   85    0    0
 202851    1    0    1   94   56    0
 202851    2    0    1   70   54    0
 203096    1    0    0   94    0    0
 203096    2    0    0   70    0    0
 203123    1    0    1   92   56    0
 203124    2    0    1   61   54    0
 203369    1    0    0   92    0    0
 203369    2    0    0   61    0    0
 203396    2    0    1   68   54    0
 203642    2    0    0   68    0    0
 203669    1    0    1   73   63    0
 203669    2    0    1   61   54    0
 203791    1    0    0   73    0    0
 203805    1    0    1   75   63    0
 203915    2    0    0   61    0    0
 203928    1    0    0   75    0    0
 203941    1    0    1   77   63    0
 203941    1    0    1   68   63    0
 203942    2    0    1   49   54    0
 204187    1    0    0   77    0    0
 204187    2    0    0   49    0    0
 204187    1    0    0   68    0    0
 204214    1    0    1   75   63    0
 204215    2    0    1   56   54    0
 204460    1    0    0   75    0    0
 204460    2    0    0   56    0    0
 204487    1    0    1   73   63    0
 204487    2    0    1   61   54    0
 204732    1    0    0   73    0    0
 204733    2    0    0   61    0    0
 204760    1    0    1   72   63    0
 204760    2    0    1   53   54    0
 204760    1    0    1   80   63    0
 205006    2    0    0   53    0    0
 205033    2    0    1   61   54    0
 205251    2    0    0   61    0    0
 205278    1    0    0   80    0    0
 205278    1    0    0   72    0    0
 205305    1    0    1   73   63    0
 205306    2    0    1   65   54    0
 205742    2    0    0   65    0    0
 205796    1    0    0   73    0    0
 205851    1    0    1   73   51    0
 205851    2    0    1   54   54    0
 205851    1    0    1   70   51    0
 205851    1    0    1   68   51    0
 206096    1    0    0   73    0    0
 206096    1    0    0   70    0    0
 206096    1    0    0   68    0    0
 206369    2    0    0   54    0    0
 206396    1    0    1   85   55    0
 206396    2    0    1   61   54    0
 206641    1    0    0   85    0    0
 206642    2    0    0   61    0    0
 206669    1    0    1   87   55    0
 206669    2    0    1   68   54    0
 206914    1    0    0   87    0    0
 206915    2    0    0   68    0    0
 206941    1    0    1   85   55    0
 206942    2    0    1   61   54    0
 207187    1    0    0   85    0    0
 207187    2    0    0   61    0    0
 207214    1    0    1   94   55    0
 207215    2    0    1   70   54    0
 207460    1    0    0   94    0    0
 207460    2    0    0   70    0    0
 207487    1    0    1   92   55    0
 207487    2    0    1   61   54    0
 207732    1    0    0   92    0    0
 207733    2    0    0   61    0    0
 207760    2    0    1   68   54    0
 208006    2    0    0   68    0    0
 208032    1    0    1   73   63    0
 208033    2    0    1   61   80    0
 208155    1    0    0   73    0    0
 208169    1    0    1   75   63    0
 208278    2    0    0   61    0    0
 208291    1    0    0   75    0    0
 208305    1    0    1   77   63    0
 208305    1    0    1   68   63    0
 208306    2    0    1   49   54    0
 208551    1    0    0   77    0    0
 208551    2    0    0   49    0    0
 208551    1    0    0   68    0    0
 208578    1    0    1   75   64    0
 208578    2    0    1   56   54    0
 208823    1    0    0   75    0    0
 208824    2    0    0   56    0    0
 208851    1    0    1   73   64    0
 208851    2    0    1   61   54    0
 209096    1    0    0   73    0    0
 209096    2    0    0   61    0    0
 209123    1    0    1   80   64    0
 209123    1    0    1   72   64    0
 209124    2    0    1   53   54    0
 209369    2    0    0   53    0    0
 209396    2    0    1   61   54    0
 209615    2    0    0   61    0    0
 209641    1    0    0   80    0    0
 209641    1    0    0   72    0    0
 209669    1    0    1   73   64    0
 209669    2    0    1   65   54    0
 210106    2    0    0   65    0    0
 210160    1    0    0   73    0    0
 210214    1    0    1   73   51    0
 210214    1    0    1   70   51    0
 210214    1    0    1   68   51    0
 210215    2    0    1   54   54    0
 210460    1    0    0   70    0    0
 210460    1    0    0   68    0    0
 210460    1    0    0   73    0    0
 210775    2    0    0   54    0    0
 210806    1    0    1   85   55    0
 210807    2    0    1   61   54    0
 211093    1    0    0   85    0    0
 211094    2    0    0   61    0    0
 211125    1    0    1   87   55    0
 211126    2    0    1   68   54    0
 211412    1    0    0   87    0    0
 211413    2    0    0   68    0    0
 211444    1    0    1   85   55    0
 211445    2    0    1   61   54    0
 211732    1    0    0   85    0    0
 211732    2    0    0   61    0    0
 211763    1    0    1   94   55    0
 211764    2    0    1   70   54    0
 212051    1    0    0   94    0    0
 212051    2    0    0   70    0    0
 212083    1    0    1   92   55    0
 212083    2    0    1   61   54    0
 212370    1    0    0   92    0    0
 212370    2    0    0   61    0    0
 212402    2    0    1   68   54    0
 212689    2    0    0   68    0    0
 212721    1    0    1   73   64    0
 212721    2    0    1   61   80    0
 212865    1    0    0   73    0    0
 212880    1    0    1   75   64    0
 213009    2    0    0   61    0    0
 213024    1    0    0   75    0    0
 213040    1    0    1   77   64    0
 213040    1    0    1   68   64    0
 213041    2    0    1   49   54    0
 213347    1    0    0   77    0    0
 213347    2    0    0   49    0    0
 213347    1    0    0   68    0    0
 213381    1    0    1   75   64    0
 213381    2    0    1   56   54    0
 213688    1    0    0   75    0    0
 213688    2    0    0   56    0    0
 213722    1    0    1   73   64    0
 213722    2    0    1   61   54    0
 214029    1    0    0   73    0    0
 214029    2    0    0   61    0    0
 214063    1    0    1   72   64    0
 214063    2    0    1   53   54    0
 214063    1    0    1   80   64    0
 214370    2    0    0   53    0    0
 214404    2    0    1   61   54    0
 214677    2    0    0   61    0    0
 214710    1    0    0   80    0    0
 214710    1    0    0   72    0    0
 214745    1    0    1   73   64    0
 214745    2    0    1   65   54    0
 215052    2    0    0   65    0    0
 215086    2    0    1   61   54    0
 215700    2    0    0   61    0    0
 215767    1    0    1   68   48    0
 215767    1    0    0   73    0    0
 215767    1    0    1   70   48    0
 215768    1    0    1   73   48    0
 215768    2    0    1   54   54    0
 216165    2    0    0   54    0    0
 216209    2    0    1   61   54    0
 216561    1    0    0   73    0    0
 216561    1    0    0   70    0    0
 216561    1    0    0   68    0    0
 216649    1    0    1   66   54    0
 217046    1    0    0   66    0    0
 217090    1    0    1   68   56    0
 217487    1    0    0   68    0    0
 217532    1    0    1   73   59    0
 217929    1    0    0   73    0    0
 217973    1    0    1   80   61    0
 218370    1    0    0   80    0    0
 218414    1    0    1   85   63    0
 218811    1    0    0   85    0    0
 218855    1    0    1   89   65    0
 219306    2    0    0   61    0    0
 219529    1    0    0   89    0    0
 219604    1    0    1   97   68    0
 219606    0   15    7  255  255    0
 224404    1    0    0   97    0    0
 225601    1   15    7  255  255    0
 225603    2   15    7  255  255    0
